0	327
0	2092
1	4422
14	4422
23	2092
23	2920
23	4422
23	4744
25	2251
25	3615
37	833
37	2164
47	78
47	378
47	1054
47	3498
49	378
58	4233
60	2092
62	24
62	3489
64	3914
73	611
75	1825
78	3196
80	18
80	378
80	1041
80	1692
80	1703
80	1763
80	2981
80	4720
86	3770
88	1825
102	765
102	2920
102	3401
102	3713
102	4401
109	183
109	1166
109	1953
109	2092
109	2920
109	3044
109	3274
109	3401
109	3489
109	3536
109	3788
109	4720
110	2092
111	378
112	2996
112	4383
112	4744
116	505
116	765
116	1139
116	2148
116	2251
116	2577
116	2748
116	4465
120	3544
120	4744
127	1179
127	2092
127	2686
129	378
129	493
132	2092
132	2616
132	2805
135	989
135	997
135	1668
135	2031
135	2268
135	3197
144	24
144	4744
145	2402
145	3401
145	3714
145	4009
148	765
152	2092
152	2521
152	3536
152	4444
159	947
163	201
164	4744
167	3401
169	2920
173	861
173	4467
173	4584
174	1340
174	2996
178	1507
187	378
187	2164
187	2784
188	2304
192	208
192	378
192	4720
200	2740
201	375
205	1507
205	2092
208	4744
212	3534
212	4122
218	4165
219	378
219	3999
219	4122
219	4744
220	2943
221	2092
221	3114
230	378
236	74
236	187
236	427
236	698
236	765
236	1067
236	2952
236	4068
236	4081
236	4460
236	4506
237	2092
237	2547
237	4216
237	4744
238	378
238	1825
238	2044
238	3023
238	3714
239	378
239	765
239	1682
239	2069
239	2834
239	2938
239	2996
239	3353
240	2092
247	359
247	493
247	618
247	1218
247	1671
247	1835
247	3450
247	4329
247	4504
247	4744
248	3410
253	247
261	246
261	745
261	1682
267	4308
268	3241
270	2092
273	989
273	4422
273	4678
276	2092
276	4744
301	2092
301	3804
306	1825
306	3077
306	3615
306	4105
306	4433
310	2
310	157
310	1507
310	2092
310	2212
310	3145
310	3521
310	3614
310	4028
310	4491
310	4723
312	4086
314	1324
321	378
321	840
321	1108
321	1855
321	3197
321	4235
322	3024
322	3293
322	3489
322	3615
322	3713
322	4308
326	3154
328	2142
329	201
329	378
331	4751
335	755
344	1564
355	3023
357	505
359	378
359	1110
359	2118
359	3743
359	4744
361	571
367	442
367	765
367	2321
367	2996
367	3401
367	4217
367	4434
367	4491
367	4548
367	4744
370	1945
370	4401
372	311
372	378
372	493
372	774
372	931
372	989
372	1041
372	1355
372	1881
372	1916
372	2735
372	3521
372	4213
372	4744
376	1252
376	4744
382	812
392	4744
394	378
394	2148
395	3507
398	1686
398	4744
402	3135
402	3967
403	457
403	968
403	2657
405	765
405	3489
405	3615
407	1769
409	1643
409	2092
409	2911
409	4744
420	2092
420	2402
420	3378
420	3401
420	3489
420	3714
420	4068
420	4380
423	1122
423	4690
424	522
424	3197
431	2294
434	493
434	3175
434	3713
434	3795
437	2092
437	3075
442	2393
442	2911
454	2092
454	2142
454	2577
454	4605
455	169
455	790
455	2920
478	2996
478	3714
484	2092
486	2577
488	1196
490	708
490	1457
490	2069
496	2920
496	3135
496	3401
496	3489
496	3615
496	3714
496	4542
498	3401
499	2402
499	3401
499	3615
499	3714
499	4068
499	4401
501	251
501	2173
502	1835
502	4744
505	989
505	1610
505	3739
505	3914
505	4744
507	2032
507	3232
511	2044
511	3787
512	3197
512	3571
522	378
522	2658
522	2793
525	3714
528	378
528	493
528	1999
528	3196
528	3241
553	3489
554	734
554	1170
554	2059
554	2953
554	3208
562	2092
562	2697
562	2920
562	3401
565	2920
566	378
568	1902
568	2092
571	997
571	1952
571	2292
571	3049
571	3165
573	4744
578	3233
582	378
582	908
582	1072
582	1682
582	2658
582	4702
583	160
583	765
583	3489
583	3615
583	3714
583	4383
583	4467
587	3378
587	3489
594	765
602	1857
603	765
603	3714
610	765
610	2039
610	2294
610	3615
610	4022
610	4423
610	4434
610	4744
622	986
622	2362
629	1179
629	2092
641	1763
641	2612
642	378
642	4498
647	2920
647	3464
649	1193
649	1999
649	2092
649	3654
649	4744
650	920
650	2268
650	3489
651	456
651	2855
656	957
656	4383
658	201
658	312
672	3401
681	927
681	1041
681	1518
681	1783
681	2251
681	3982
684	81
686	4465
692	1610
692	3109
699	2920
699	3498
702	63
702	861
702	1135
702	1769
702	2039
702	2521
702	2784
702	2920
702	3014
702	3197
702	3526
702	4553
702	4744
713	4548
715	2092
715	4744
725	1476
725	1733
725	3246
725	3541
725	4422
725	4744
729	2305
729	3211
735	1682
737	1252
738	3197
743	169
743	1162
743	2092
743	2780
743	3401
743	3914
744	493
744	2092
744	2911
744	2920
744	3837
744	3999
744	4744
749	2920
749	2996
752	24
752	1857
752	2092
752	2920
752	3246
752	3401
752	3714
752	3843
752	3963
752	4306
752	4434
754	3441
754	3615
756	688
756	861
756	1596
756	2092
756	2321
756	2920
756	3401
756	3544
756	3740
757	636
757	720
757	765
757	1671
757	1825
757	2219
757	2402
757	3044
757	3489
757	3615
757	3714
757	4308
757	4368
758	2092
758	2321
758	3714
758	4720
761	4356
761	4744
765	378
765	399
765	842
765	976
765	1193
765	1507
765	2991
765	3694
767	1671
767	2092
775	24
775	358
775	493
775	1118
775	1584
775	1619
775	1671
775	2092
775	3023
775	4246
775	4744
776	3866
776	4627
783	4465
790	708
790	2092
790	2275
790	2948
790	2967
790	3091
790	3401
790	3714
790	3798
790	4603
795	2142
795	2568
795	3866
795	4250
795	4663
796	1072
808	1742
809	1686
809	1763
812	2092
817	77
817	417
817	765
817	989
817	1566
817	2342
817	2881
817	3489
817	4068
817	4744
820	989
820	3520
821	2697
821	3498
821	3615
821	4001
824	1238
824	4383
833	3489
837	2092
837	4710
841	765
841	3615
844	1601
844	3023
844	3145
852	1953
852	3489
852	3615
852	3714
860	3077
860	3507
861	701
861	2117
861	4021
865	765
865	840
865	1567
865	1825
865	2067
865	2252
865	2393
865	2996
865	3106
865	3478
865	3489
865	3641
865	4351
865	4744
866	3196
867	2092
868	493
875	1917
879	968
879	1300
882	1737
882	3839
883	989
883	1825
883	2092
883	2577
883	2920
883	3077
883	3401
883	4744
889	2467
894	4744
895	3654
897	2092
899	3731
899	3914
903	613
903	2151
909	24
913	2092
916	1835
916	2092
924	116
924	378
924	421
924	599
924	1165
924	1835
924	2044
924	2069
924	3399
924	3955
924	4744
927	765
927	2219
927	3714
927	4744
928	765
933	765
933	1166
933	1348
933	1610
933	2474
933	2920
933	2996
933	3241
933	3513
933	3534
933	3944
933	4744
940	2658
947	931
947	1546
947	2060
947	2658
954	1095
955	930
955	2092
955	4422
958	2092
958	2219
967	1236
967	2092
967	2920
967	2943
967	3866
967	3972
967	3999
967	4744
972	1578
973	365
973	1610
973	3714
974	1588
974	1989
974	2092
976	3719
977	765
980	2911
984	765
984	2173
984	3489
984	3788
984	4542
998	2092
998	2943
1004	1025
1005	1558
1005	2092
1005	4744
1006	1105
1006	3972
1007	378
1007	522
1007	1947
1007	2996
1007	4744
1009	24
1009	493
1009	628
1009	1122
1009	2031
1009	4744
1012	765
1012	2577
1012	2730
1012	2920
1012	3023
1012	4523
1016	790
1017	1855
1023	765
1023	1218
1023	1589
1023	2092
1023	3378
1023	4422
1024	4122
1026	378
1026	2334
1026	2577
1026	4640
1029	3615
1029	3714
1031	2503
1031	2651
1031	3188
1035	1041
1035	3982
1035	4306
1035	4548
1036	1763
1047	378
1055	3401
1057	2142
1058	3366
1066	378
1066	1179
1066	1216
1066	3531
1066	4346
1075	1085
1075	1507
1075	1703
1075	2784
1075	4068
1075	4744
1108	765
1108	1953
1112	730
1112	2092
1112	2153
1112	2920
1112	4068
1112	4574
1115	2092
1115	2920
1117	421
1117	2577
1117	4314
1135	378
1135	2153
1135	3165
1135	3339
1135	3457
1135	3753
1137	4553
1138	930
1138	2092
1142	2023
1142	3245
1163	378
1163	765
1163	2173
1163	2397
1163	4661
1169	765
1169	1373
1169	1902
1169	2092
1169	2920
1169	3135
1169	3197
1169	3211
1169	3401
1169	3667
1169	4122
1169	4744
1172	745
1181	1476
1181	2142
1181	3861
1183	3489
1187	282
1187	516
1187	1197
1187	2069
1187	2092
1187	2577
1187	3452
1187	3714
1195	23
1195	3446
1195	3998
1195	4254
1200	67
1200	378
1200	989
1200	2092
1200	2159
1200	3266
1200	4306
1208	4744
1210	2920
1216	1122
1216	3489
1216	3714
1218	1855
1223	838
1223	2069
1223	3446
1224	4001
1224	4744
1235	95
1235	137
1235	906
1235	1110
1235	2092
1235	3245
1235	3613
1235	3659
1235	3871
1238	4422
1243	2092
1243	4615
1246	2967
1255	1880
1256	2092
1256	3135
1257	1683
1257	2069
1257	2577
1257	2589
1257	2773
1257	2820
1257	4103
1257	4498
1257	4640
1257	4744
1259	1126
1259	2092
1264	4394
1268	2092
1272	2150
1272	4122
1272	4373
1278	3414
1281	765
1281	1139
1281	1252
1281	2092
1281	2142
1281	2920
1281	3401
1281	3540
1281	3714
1281	4422
1281	4744
1281	4751
1288	378
1288	1007
1288	3246
1288	4498
1289	765
1289	3135
1289	3401
1289	3489
1289	3615
1289	3714
1290	2069
1291	2092
1291	3667
1291	3999
1292	378
1292	2092
1293	3327
1294	16
1294	1682
1294	1791
1294	2092
1294	2829
1294	3379
1294	4327
1294	4744
1295	2092
1300	2577
1306	2219
1307	2887
1309	2092
1311	360
1311	2092
1311	3489
1311	3534
1311	3536
1311	3615
1311	4054
1313	434
1313	2784
1313	3254
1313	4172
1318	2092
1321	3197
1327	2092
1327	3667
1331	378
1332	4422
1333	3401
1333	3714
1333	4676
1338	2092
1349	1041
1359	2920
1361	821
1361	989
1361	2920
1361	4744
1362	3914
1367	1972
1379	2092
1379	3871
1385	1337
1385	1791
1385	3417
1385	4159
1385	4744
1393	2092
1395	3731
1398	67
1398	378
1398	1825
1398	2092
1398	3019
1398	3667
1398	4744
1400	765
1400	2920
1400	3175
1400	3489
1400	3507
1400	3999
1400	4548
1402	3631
1405	2092
1409	329
1409	378
1409	493
1409	782
1409	1101
1409	1881
1409	2059
1409	2169
1409	4118
1410	2382
1414	1881
1416	2954
1418	998
1418	1522
1418	1610
1418	1888
1418	2148
1418	3531
1419	2142
1419	2294
1420	1072
1423	350
1430	1056
1430	2092
1437	2142
1437	3188
1437	3197
1437	3401
1439	208
1440	2996
1440	3594
1442	2092
1445	2705
1445	2920
1445	4562
1446	3457
1448	1950
1448	4061
1454	1624
1454	2092
1455	765
1455	1902
1455	3241
1462	3615
1468	378
1468	1025
1468	2041
1471	758
1471	1223
1471	2092
1471	2268
1471	3401
1471	4530
1477	3023
1477	3245
1477	3659
1477	3795
1482	535
1482	2124
1482	2305
1484	2909
1484	3982
1486	2393
1495	1619
1495	1668
1495	1671
1495	1703
1495	1769
1495	2092
1495	2577
1495	2668
1495	4158
1495	4670
1507	378
1507	2092
1512	765
1512	1095
1512	1252
1512	1518
1512	1555
1512	1759
1512	2092
1512	2467
1512	2920
1512	3450
1512	3536
1512	4190
1512	4744
1515	24
1517	645
1517	765
1517	1077
1517	3293
1517	3454
1517	3489
1517	3615
1517	3714
1517	4744
1522	378
1524	1238
1524	1643
1524	2092
1524	2996
1540	4068
1540	4423
1544	208
1544	1197
1544	2558
1544	3196
1544	4659
1546	4162
1549	1374
1549	4018
1554	3401
1555	1566
1555	2092
1556	2092
1562	2092
1567	2987
1570	33
1570	2092
1570	2503
1570	3382
1570	3999
1571	920
1571	1169
1571	2092
1571	3329
1571	4000
1571	4308
1573	4021
1574	2503
1581	2577
1584	989
1587	2402
1587	3714
1591	2092
1594	251
1594	1373
1600	2777
1600	2920
1600	2996
1600	3044
1600	3085
1600	3866
1606	1236
1606	2092
1606	2402
1606	2920
1606	3329
1606	3489
1606	3615
1606	3714
1606	4001
1606	4122
1606	4467
1606	4744
1608	155
1608	201
1608	375
1608	378
1608	1116
1608	1769
1608	2166
1608	2589
1608	3116
1608	3878
1608	3955
1608	4498
1624	240
1624	751
1624	1241
1624	1507
1624	2273
1624	2316
1624	2887
1624	2993
1624	3401
1624	4562
1624	4744
1627	393
1627	765
1627	3489
1627	3615
1627	3714
1627	3871
1628	3241
1633	2612
1636	2362
1636	4424
1648	765
1649	378
1649	765
1649	1105
1649	3489
1651	4009
1655	24
1655	187
1655	765
1655	2092
1655	2618
1655	4068
1655	4434
1655	4624
1655	4723
1658	493
1658	2352
1658	2967
1658	3787
1660	1671
1671	1041
1671	1999
1671	2321
1672	2069
1673	1141
1673	2092
1673	2503
1673	3401
1673	4028
1685	3915
1689	4449
1690	4744
1692	1892
1692	2299
1692	3401
1700	2092
1700	2677
1700	2763
1700	3569
1700	4479
1700	4744
1705	222
1705	1041
1705	2092
1705	2239
1707	1825
1715	3023
1716	378
1716	1724
1716	2092
1716	2251
1722	378
1722	1763
1722	2092
1722	3401
1722	3503
1732	378
1732	2092
1735	193
1737	4345
1737	4744
1743	169
1744	1865
1746	417
1746	3462
1747	362
1747	595
1748	765
1748	2092
1748	2881
1748	3401
1748	3489
1748	3534
1748	3615
1748	3714
1748	4423
1748	4670
1748	4744
1753	1733
1753	2092
1757	493
1757	2092
1757	3197
1763	1945
1763	3615
1765	989
1765	1135
1765	1703
1765	1825
1765	2092
1765	2142
1765	2215
1765	2920
1765	3196
1765	3489
1765	3659
1765	3811
1765	4399
1765	4423
1765	4744
1768	247
1768	371
1768	2292
1768	2382
1773	1578
1773	2032
1773	2069
1773	2092
1773	2873
1773	3566
1773	4104
1773	4589
1773	4744
1776	2092
1776	4401
1777	1135
1781	2092
1786	3629
1790	3329
1795	861
1807	247
1807	765
1808	861
1811	2921
1817	1703
1825	493
1825	1285
1825	3808
1825	4473
1826	2069
1826	4498
1826	4640
1828	81
1828	1711
1833	2996
1835	1703
1835	2402
1835	2912
1835	2996
1835	3268
1835	3778
1836	2219
1836	3274
1836	3615
1836	3866
1837	378
1841	4422
1846	3401
1846	3972
1849	2092
1851	765
1851	2402
1851	3880
1860	3534
1864	2943
1865	2996
1869	223
1869	2092
1872	1647
1872	1769
1873	3615
1875	4744
1876	1578
1876	2092
1890	3457
1898	2092
1899	1101
1899	4157
1901	2092
1901	2920
1901	3714
1904	291
1908	1431
1908	2920
1908	3026
1908	3175
1908	4744
1910	4744
1916	359
1916	765
1916	874
1916	989
1916	1825
1916	1953
1916	2234
1916	3489
1916	3615
1916	3628
1916	3714
1916	4720
1916	4744
1921	1507
1921	3401
1922	251
1922	1348
1922	1703
1922	2069
1922	2092
1922	2177
1922	2577
1922	2996
1922	4744
1924	3859
1945	727
1945	1193
1945	1197
1945	2453
1945	3075
1948	163
1948	1857
1948	1936
1948	3196
1948	3562
1950	1769
1951	1578
1951	2092
1954	1110
1954	4548
1962	821
1962	2000
1962	3176
1962	4080
1962	4744
1970	2148
1970	2816
1970	2920
1970	3507
1970	4744
1975	2920
1978	869
1978	2275
1978	2402
1978	3454
1978	3714
1978	3963
1978	4369
1979	757
1979	1248
1979	1759
1979	2092
1979	2920
1979	3401
1979	4447
1985	765
1985	1825
1985	1857
1985	2092
1985	2811
1985	3401
1985	3615
1987	1668
1987	3982
1987	4588
1988	765
1988	3489
1988	4023
1988	4460
1992	81
1992	201
1992	378
1992	599
1992	1769
1992	1996
1992	2069
1992	2373
1992	3103
1992	4233
1996	765
1996	2821
1996	2881
1996	3837
1997	402
1997	545
1997	765
1997	989
1997	2573
1997	2920
1997	3023
1997	3241
1997	3489
2001	766
2001	1131
2001	2092
2001	3197
2001	4308
2002	3507
2009	765
2015	3188
2015	3401
2015	3615
2015	4380
2026	272
2026	378
2026	878
2026	1101
2026	1295
2026	1682
2026	1769
2026	2319
2026	2414
2026	2922
2026	3457
2026	3749
2027	1703
2027	3241
2027	4122
2031	765
2031	2996
2032	3102
2032	4383
2037	765
2037	4562
2039	2920
2042	3884
2048	1601
2048	2911
2048	3678
2052	546
2052	2092
2052	2981
2052	3631
2052	4498
2058	1902
2058	4310
2059	2092
2065	2920
2068	2069
2068	2092
2068	2542
2068	4478
2073	2177
2073	4744
2079	679
2079	1300
2079	2069
2079	3714
2079	4240
2079	4640
2083	708
2083	2069
2087	2651
2087	3126
2087	3929
2089	1610
2089	3866
2095	2180
2095	3450
2095	3874
2095	4690
2096	2092
2096	3866
2097	593
2099	816
2099	1309
2103	378
2103	2092
2103	3175
2103	3281
2121	1476
2121	2784
2125	1867
2125	2994
2125	3103
2127	2142
2127	2430
2151	1507
2151	2911
2153	238
2153	493
2153	920
2153	1671
2153	2092
2153	2996
2159	765
2159	2292
2159	3489
2159	4744
2162	870
2162	3170
2162	4345
2169	4744
2170	3489
2175	3714
2175	4068
2176	1844
2176	3128
2176	4113
2180	2830
2186	1668
2186	3245
2186	3477
2196	378
2196	1825
2196	2996
2204	1313
2204	3176
2205	16
2205	378
2205	498
2205	1457
2205	1750
2205	1769
2205	2092
2205	3714
2206	2697
2206	3401
2210	2142
2211	3489
2212	375
2212	2092
2218	3489
2219	2866
2222	2922
2222	3714
2227	2273
2231	201
2231	874
2231	3457
2232	2092
2232	3811
2233	350
2236	2092
2236	3714
2239	1507
2239	3187
2241	1523
2248	1505
2253	3489
2253	4562
2268	526
2268	645
2269	24
2269	2763
2270	2984
2271	3543
2271	4434
2272	378
2272	1703
2272	1704
2272	2268
2272	2587
2272	3015
2272	3404
2272	4414
2277	765
2277	1696
2277	2092
2277	3401
2277	3444
2277	3562
2277	3714
2277	3859
2277	4222
2277	4675
2277	4744
2278	1179
2283	3638
2284	378
2284	1373
2284	3154
2284	4122
2284	4744
2285	1169
2291	3401
2296	195
2296	1309
2296	2142
2296	2352
2296	3562
2296	4024
2296	4700
2300	2542
2301	378
2308	1769
2308	3416
2309	4402
2313	4562
2320	4164
2321	2092
2321	2920
2321	4449
2330	2589
2339	1811
2340	2092
2340	2392
2340	2393
2340	2996
2340	4528
2341	34
2344	506
2344	1496
2344	3463
2345	4422
2350	2092
2350	3534
2352	2678
2352	2784
2352	3914
2355	493
2359	330
2362	765
2362	1071
2362	2091
2362	2920
2362	3489
2362	3615
2362	4744
2363	251
2363	1519
2363	4080
2365	631
2365	765
2365	4744
2368	861
2368	3241
2370	4422
2371	3914
2371	4367
2371	4383
2372	1787
2372	4744
2378	2807
2381	2092
2381	2748
2383	2
2383	765
2383	930
2383	1825
2383	2067
2383	2402
2383	2677
2383	2883
2383	2973
2383	3489
2383	3936
2383	4246
2383	4540
2383	4570
2383	4744
2385	2142
2391	765
2391	885
2391	947
2391	3489
2391	3714
2391	4068
2391	4540
2392	1677
2394	765
2394	3489
2405	4401
2408	861
2408	989
2408	2092
2408	2142
2408	2382
2408	2637
2408	2920
2408	4024
2408	4744
2412	282
2412	847
2412	1902
2412	2589
2412	3438
2412	3488
2416	765
2416	3489
2416	3615
2416	3714
2419	3489
2422	1523
2422	2092
2427	2920
2427	3401
2427	4345
2434	765
2439	18
2439	2142
2439	4467
2441	505
2441	765
2441	3489
2449	359
2449	378
2449	765
2449	989
2449	2092
2449	2292
2449	2920
2449	3293
2449	3534
2453	861
2453	1703
2453	2092
2453	2920
2453	3659
2453	4246
2453	4744
2458	1169
2462	626
2462	2092
2462	4000
2463	1902
2464	2039
2464	2092
2464	2996
2464	3175
2464	3522
2464	4670
2464	4744
2466	1703
2469	714
2469	1355
2469	2148
2469	2695
2469	2920
2469	3246
2469	3329
2469	3489
2469	3615
2469	4335
2475	1077
2475	4068
2476	2092
2476	4326
2477	4068
2479	1974
2486	1355
2486	2092
2486	2920
2486	3401
2486	4744
2487	765
2487	2402
2488	861
2488	1507
2488	1516
2488	2092
2488	2920
2488	3401
2488	3498
2488	3740
2488	4434
2488	4543
2488	4744
2492	67
2492	638
2492	1279
2492	1507
2492	2827
2492	3023
2492	4670
2494	431
2494	3401
2496	790
2496	2920
2503	3489
2505	3999
2506	2092
2506	2967
2510	1860
2510	2730
2510	4659
2511	295
2511	2105
2511	2142
2511	2219
2511	3401
2511	3615
2511	3714
2511	3972
2514	1348
2516	2292
2520	985
2520	1825
2520	2092
2520	3023
2520	3489
2520	4670
2527	493
2527	720
2527	2092
2527	3489
2532	2920
2536	1682
2536	2335
2540	77
2540	378
2540	765
2540	1507
2540	1754
2540	2092
2540	3411
2540	3534
2540	3714
2540	3787
2540	3866
2540	3972
2545	1218
2545	1881
2545	4339
2545	4752
2546	3024
2546	3489
2546	4068
2549	1682
2552	4401
2553	2321
2553	4444
2557	2920
2557	3241
2557	3972
2557	4122
2557	4744
2558	2092
2558	3401
2560	1825
2563	1578
2563	2920
2563	3972
2578	3401
2580	1969
2580	3615
2581	2092
2581	2943
2581	3534
2581	3659
2581	3999
2584	4744
2586	3714
2587	3714
2593	2
2593	371
2593	1085
2593	1238
2593	3175
2593	4744
2617	1041
2617	1081
2617	1610
2617	1704
2617	3795
2617	4584
2620	2092
2639	1077
2639	1945
2642	2092
2646	2219
2646	3489
2648	3615
2648	3714
2648	3880
2648	3999
2648	4401
2650	1711
2655	2159
2655	2920
2655	3077
2655	4434
2659	1179
2659	1668
2659	2031
2659	2092
2659	2996
2659	3531
2659	3797
2659	4423
2661	1141
2662	906
2663	1763
2663	2092
2666	2568
2666	4245
2666	4433
2667	378
2667	1769
2667	2092
2667	4744
2673	765
2673	1502
2673	2092
2673	3241
2673	3401
2673	3615
2673	3714
2677	3089
2678	3404
2678	4498
2682	1706
2687	2507
2687	3246
2687	3877
2694	2920
2694	3401
2694	3740
2698	1881
2704	2573
2704	3218
2705	307
2705	591
2705	2092
2705	3615
2708	3241
2708	3489
2710	67
2710	1083
2717	765
2717	1122
2718	3507
2718	3522
2718	4246
2722	2031
2724	378
2724	1122
2724	2092
2724	4246
2724	4306
2724	4422
2730	535
2730	2092
2730	3196
2735	997
2735	2305
2735	3189
2739	1703
2741	2577
2741	3023
2742	1553
2742	4744
2748	1519
2752	1763
2752	2920
2754	378
2754	765
2754	906
2754	930
2754	1511
2754	1773
2754	1825
2754	2092
2754	2292
2754	3077
2754	3489
2754	3534
2754	4021
2754	4122
2754	4664
2754	4744
2760	2911
2761	4511
2762	2577
2764	2849
2768	1036
2772	2268
2773	282
2773	2092
2773	3667
2775	1241
2775	3401
2779	3795
2779	4246
2779	4467
2784	378
2784	2657
2784	2996
2784	4021
2784	4309
2789	989
2789	2092
2789	2294
2789	2784
2790	2092
2790	3507
2791	1122
2791	2577
2791	3714
2793	201
2793	378
2793	1549
2793	3521
2793	4309
2795	97
2795	375
2795	1041
2795	1169
2795	1671
2795	2092
2795	3401
2801	2226
2801	4254
2801	4744
2808	2748
2808	3442
2808	3615
2811	2748
2817	501
2817	1163
2817	3036
2817	3410
2817	3419
2817	4744
2822	989
2822	2092
2822	3049
2822	3561
2824	745
2824	931
2833	1445
2838	765
2841	3197
2848	2996
2852	4434
2853	360
2853	1610
2853	3050
2858	1610
2860	378
2860	765
2860	838
2860	861
2860	1825
2860	4744
2861	58
2861	1348
2861	1522
2861	3274
2861	3534
2861	3698
2861	4308
2868	2069
2872	2092
2880	2092
2880	2920
2881	2163
2884	2092
2886	378
2887	4308
2899	3967
2904	2092
2909	375
2909	2092
2909	4744
2914	2148
2914	2577
2915	1916
2915	3300
2923	2092
2928	816
2928	3347
2928	3401
2928	3701
2928	3718
2928	4496
2930	4744
2938	2092
2949	3024
2949	3489
2949	3615
2949	3714
2949	4068
2959	3401
2959	4401
2965	4756
2975	2051
2976	1373
2980	1072
2980	4498
2982	24
2987	378
2987	931
2987	968
2987	1682
2987	1769
2987	2973
2988	371
2996	1122
2998	1637
2998	2921
3000	1825
3000	2342
3003	3401
3007	1588
3007	2043
3007	2092
3007	2748
3007	2996
3007	3450
3008	3462
3019	714
3019	1025
3019	2406
3019	2849
3019	2911
3019	3044
3019	3088
3019	3642
3024	1769
3028	989
3030	2092
3030	2920
3030	3972
3031	2092
3037	765
3047	247
3047	863
3047	1610
3047	2142
3047	2340
3047	2920
3047	3825
3047	4000
3047	4308
3047	4383
3050	378
3050	2092
3053	2092
3053	3154
3065	3399
3065	3667
3072	765
3072	1071
3072	3489
3072	3615
3072	4744
3075	3154
3076	1297
3076	2142
3076	4011
3076	4744
3077	569
3077	3023
3077	3615
3081	4605
3086	765
3086	2275
3086	3489
3086	4326
3086	4744
3088	3281
3090	1309
3090	2784
3090	3378
3096	2920
3096	4423
3101	2092
3105	3441
3105	3714
3114	201
3114	1507
3114	2142
3122	378
3127	1881
3127	4465
3127	4744
3129	2212
3129	4744
3146	2092
3148	493
3148	997
3148	4001
3152	2092
3152	2987
3153	2092
3158	1507
3158	2092
3158	4122
3171	4557
3173	525
3173	1193
3173	2920
3173	3196
3174	1524
3174	3837
3174	4543
3179	282
3179	617
3179	708
3179	1936
3179	2050
3179	2092
3179	3404
3179	3713
3179	4325
3185	3714
3185	4423
3204	3714
3205	1283
3208	1571
3209	323
3209	989
3217	123
3217	989
3232	3401
3232	3714
3235	1656
3235	2092
3237	708
3238	1139
3242	4467
3244	3464
3244	3615
3246	3216
3246	4744
3255	3270
3257	3404
3260	1825
3260	3489
3260	3714
3260	4380
3262	3643
3264	3489
3266	4159
3268	2577
3269	840
3271	1825
3273	765
3273	1025
3273	1194
3273	1348
3273	2402
3273	3401
3273	3714
3273	3871
3273	4631
3284	3175
3284	3411
3294	1267
3301	3401
3308	493
3308	1238
3308	2092
3312	4422
3327	3469
3336	3450
3336	3489
3337	3373
3337	4744
3340	2763
3340	3489
3340	4246
3341	2711
3343	2092
3343	2920
3343	3489
3343	4460
3352	2142
3355	2092
3362	2577
3362	3489
3364	1703
3364	2092
3364	2920
3364	3485
3374	3866
3376	505
3376	2069
3376	2817
3376	3416
3376	3860
3376	4498
3382	765
3383	8
3387	765
3387	1355
3387	2402
3387	3489
3387	3615
3387	3871
3387	4068
3387	4401
3387	4423
3390	765
3390	1095
3390	1135
3390	1947
3390	2920
3390	3245
3390	3489
3390	3660
3390	3714
3390	3963
3391	765
3405	2277
3405	4744
3406	3534
3412	765
3415	2440
3417	378
3417	1197
3417	1507
3417	2041
3417	3269
3417	3714
3417	4744
3419	4079
3421	765
3421	2219
3421	3714
3422	3714
3426	378
3427	1122
3427	2577
3433	989
3433	3401
3433	4380
3439	2452
3442	4523
3445	1373
3450	765
3450	1902
3450	3615
3453	1507
3453	2092
3457	2092
3462	128
3462	1610
3469	4076
3469	4383
3471	1354
3471	2920
3474	1179
3481	765
3485	2069
3485	3565
3485	4498
3486	378
3486	765
3486	1354
3486	3534
3486	4744
3490	24
3490	378
3490	1564
3490	1769
3490	2069
3490	2092
3490	3546
3490	3874
3490	4744
3494	4422
3500	419
3500	1682
3500	1769
3500	2577
3505	493
3505	2092
3507	1825
3507	2092
3507	4744
3512	2092
3512	2911
3512	2920
3512	3401
3512	3714
3512	4422
3513	2142
3513	4229
3521	1009
3521	1101
3521	1457
3521	1769
3521	2873
3521	3921
3526	1196
3526	2577
3526	2996
3529	989
3529	4744
3530	4498
3534	4548
3537	1390
3547	1610
3558	378
3558	933
3558	1197
3558	3561
3558	3835
3558	4326
3558	4687
3558	4744
3559	765
3564	4389
3568	1020
3569	1077
3569	2092
3569	3534
3577	1825
3587	493
3587	535
3587	2092
3589	26
3589	571
3589	981
3589	1348
3589	1703
3589	2092
3589	2251
3589	2445
3589	2568
3589	3399
3589	3864
3589	4383
3589	4720
3589	4744
3590	1578
3590	2092
3591	3175
3591	3498
3598	2092
3600	765
3600	2092
3600	4744
3602	1041
3606	1064
3606	1165
3606	1524
3610	1071
3612	1502
3612	1505
3612	2092
3612	3371
3612	3401
3612	3714
3612	4401
3612	4511
3619	4553
3624	1218
3635	378
3635	1197
3642	378
3643	67
3643	708
3643	2069
3643	4422
3647	3498
3647	4723
3661	4308
3662	2142
3668	3401
3670	4498
3689	997
3689	2092
3689	4615
3691	3401
3691	4434
3691	4616
3691	4744
3693	421
3703	1041
3703	2452
3703	2920
3703	3615
3704	2142
3707	2273
3707	4690
3710	3245
3719	1122
3721	1752
3721	2148
3721	2357
3721	2577
3721	3664
3721	4744
3723	2340
3724	3175
3730	3401
3733	2092
3733	2740
3733	2920
3733	4744
3735	765
3735	2173
3735	2402
3735	3378
3735	3489
3735	3871
3735	4068
3742	4346
3743	522
3743	989
3743	2092
3743	4246
3743	4383
3744	2920
3744	3489
3744	4744
3745	2092
3745	3401
3745	3468
3745	3914
3752	765
3752	1825
3752	2402
3752	3023
3752	3489
3752	3714
3752	4394
3753	1179
3753	1610
3753	2748
3767	624
3767	968
3767	1116
3771	2920
3771	3401
3772	1238
3772	2092
3772	3805
3772	3861
3772	3960
3781	1238
3782	1825
3785	1169
3785	3489
3785	4548
3798	765
3807	375
3807	1139
3807	1668
3807	2031
3807	3197
3807	3711
3807	3714
3807	4744
3810	2092
3810	4519
3813	378
3813	577
3813	1165
3813	2866
3813	2996
3821	1332
3821	2092
3821	4672
3828	421
3828	2092
3833	637
3833	3438
3838	1773
3855	3735
3856	2092
3856	2920
3856	4423
3864	133
3864	378
3866	1251
3874	511
3874	989
3874	2092
3874	2920
3874	3442
3874	3889
3874	4434
3874	4530
3874	4678
3875	2092
3875	2612
3875	4306
3875	4422
3878	765
3878	989
3879	493
3879	3196
3883	378
3883	4744
3888	2219
3888	3489
3893	2069
3893	2589
3893	2763
3893	3328
3894	1170
3894	2067
3894	2092
3896	378
3896	920
3896	1605
3896	1902
3896	2506
3896	2577
3896	3399
3896	3536
3896	3714
3896	3837
3896	4725
3899	775
3899	2092
3899	3714
3908	1835
3914	2092
3916	378
3916	3385
3917	2176
3917	2501
3924	765
3930	4356
3932	3401
3935	929
3935	1385
3935	2337
3935	2478
3935	3398
3935	3594
3935	3643
3935	3905
3938	1122
3938	2092
3938	4744
3940	3795
3944	15
3944	3452
3947	765
3947	1566
3947	1825
3947	1879
3947	3053
3947	3401
3947	3489
3947	3615
3947	3714
3953	3085
3953	3401
3957	790
3957	1505
3958	617
3958	1715
3959	2092
3959	2911
3965	835
3967	4744
3969	4744
3971	765
3971	2092
3971	3401
3976	358
3976	1703
3976	2920
3976	2981
3976	4744
3980	2092
3992	251
4004	997
4004	2092
4004	4308
4007	2092
4012	2599
4012	3401
4012	3884
4015	2092
4015	2881
4015	3615
4020	493
4020	1139
4020	1257
4020	1507
4023	2092
4023	4721
4031	4019
4047	557
4047	1732
4047	2092
4047	2414
4047	3263
4049	2092
4065	616
4065	4422
4074	282
4074	378
4074	2922
4074	3040
4074	4391
4078	765
4078	3300
4081	1165
4087	765
4087	3489
4087	4744
4092	1846
4093	2092
4095	2092
4095	2402
4095	2763
4095	3011
4095	3401
4095	3489
4095	3714
4095	4068
4095	4511
4096	920
4096	2092
4096	2098
4096	2911
4096	2920
4096	3914
4097	378
4097	965
4097	4097
4105	2577
4106	2092
4108	419
4108	878
4108	2292
4116	2092
4123	669
4123	3255
4123	3464
4124	3714
4124	4401
4124	4548
4124	4562
4128	406
4128	1083
4129	765
4132	2402
4132	3714
4147	1691
4147	3714
4149	3967
4152	1041
4153	2069
4153	4498
4155	2981
4155	4751
4156	378
4156	765
4156	1041
4156	3023
4156	4068
4161	2142
4161	4423
4164	1696
4164	1881
4164	2748
4164	3175
4164	3338
4164	3749
4164	4615
4164	4744
4165	692
4165	2292
4165	3615
4172	493
4172	2092
4172	3138
4172	3245
4172	4744
4178	861
4178	2092
4178	3534
4178	4562
4183	350
4183	2092
4183	2530
4183	3534
4184	2092
4188	865
4188	2092
4190	1763
4197	1703
4198	2779
4201	169
4202	2092
4202	2911
4202	3664
4202	4744
4203	2920
4203	4744
4213	302
4213	563
4213	1757
4213	2173
4213	2402
4213	3376
4213	4130
4213	4401
4213	4632
4229	4068
4230	3464
4238	378
4238	493
4238	765
4238	861
4238	1588
4238	1601
4238	1610
4238	1825
4238	1835
4238	2092
4238	2340
4238	2763
4238	2920
4238	3615
4238	3866
4238	4306
4238	4401
4238	4744
4245	378
4246	2092
4247	765
4247	892
4247	1825
4247	3489
4247	3714
4248	1507
4248	2092
4248	2577
4248	4744
4251	535
4251	2092
4251	4122
4251	4744
4256	161
4256	861
4256	1241
4256	2577
4256	4059
4256	4744
4257	765
4257	1077
4257	2092
4257	2292
4257	3534
4257	3866
4262	838
4262	2850
4265	1811
4285	1179
4289	375
4289	378
4289	588
4289	1297
4289	2069
4289	3102
4289	3457
4289	3687
4289	4325
4289	4498
4289	4589
4290	2092
4298	861
4298	4744
4299	295
4300	2402
4300	3714
4305	765
4308	1071
4308	3044
4308	3401
4308	3615
4308	4401
4308	4548
4314	490
4314	1825
4314	2402
4314	3454
4314	3489
4314	3714
4318	3489
4325	2092
4330	522
4330	2920
4330	4335
4330	4744
4335	161
4335	247
4335	378
4335	765
4335	841
4335	1105
4335	1518
4335	2402
4335	3489
4335	3714
4335	4359
4335	4744
4338	3457
4338	4725
4340	378
4340	844
4343	1122
4343	4744
4350	812
4354	4744
4355	3040
4361	864
4363	2092
4363	4088
4364	1507
4364	2092
4364	2705
4364	3401
4382	1041
4384	2092
4384	2577
4384	2920
4397	378
4397	1141
4397	1902
4403	251
4411	989
4411	3024
4411	3197
4411	3245
4415	782
4415	2920
4419	1790
4423	378
4423	1578
4433	2748
4433	4744
4438	782
4438	2305
4438	2763
4440	765
4440	3534
4440	4068
4445	2
4446	378
4446	2517
4446	3874
4452	2920
4452	3788
4461	3489
4464	282
4466	816
4471	2092
4472	378
4473	3401
4482	4434
4484	765
4484	1839
4484	2467
4484	2920
4484	3211
4484	3892
4484	4674
4487	2031
4492	2092
4493	2402
4493	4216
4493	4423
4494	2069
4494	2092
4494	3175
4494	4303
4494	4504
4508	2142
4511	1502
4511	2092
4511	2920
4511	3197
4512	889
4520	1498
4520	3507
4523	2996
4523	3458
4528	2920
4529	77
4529	701
4529	732
4529	838
4529	920
4529	1073
4529	1359
4529	1769
4529	2069
4529	2092
4529	2142
4529	3175
4529	4530
4529	4744
4530	765
4530	1286
4530	3401
4537	2321
4537	3740
4537	4434
4539	493
4539	1041
4539	1339
4539	1822
4539	2920
4548	2092
4548	4744
4549	2777
4549	3401
4549	3456
4550	4744
4552	2577
4552	3489
4552	3615
4555	378
4561	2067
4561	2678
4566	4275
4569	1531
4569	3281
4572	1450
4583	2069
4584	2730
4590	2340
4592	191
4592	1936
4592	3752
4594	1073
4599	1763
4599	2071
4599	2092
4599	2573
4599	4631
4600	1825
4608	2748
4612	2340
4612	2521
4612	2849
4618	1499
4618	3714
4618	4720
4619	2092
4619	4159
4632	493
4636	1880
4636	2059
4636	3254
4636	3714
4642	3795
4643	247
4643	291
4643	989
4643	3784
4645	3460
4649	1121
4649	1222
4649	2176
4652	378
4653	1072
4653	1524
4653	4091
4653	4538
4653	4744
4658	3211
4659	3615
4662	2577
4662	3546
4666	2294
4669	3489
4670	378
4672	861
4673	2845
4691	3615
4696	4744
4700	201
4700	599
4700	745
4700	844
4700	1165
4700	1703
4700	1773
4700	1791
4700	2576
4700	4036
4709	244
4709	251
4709	2909
4709	3743
4709	3982
4721	2148
4721	3615
4721	4401
4721	4497
4724	2092
4728	58
4728	3023
4728	3615
4730	3401
4731	3714
4731	4246
4732	1857
4732	3401
4732	3615
4743	215
4750	765
4750	2655
4750	2759
4750	3489
4754	989
4757	930
4757	4068
4762	378
4762	576
4762	765
4762	1825
4762	1903
4762	2299
4762	2402
4762	2427
4762	3489
4762	3615
4762	3714
4762	4548
4763	378
4763	1593
4767	67
4767	375
4767	378
4767	404
4767	1153
4767	1835
4767	1902
4767	3680
4767	3926
4772	2092
4773	4744
4776	968
4776	1867
4777	493
4777	754
4777	765
4777	1596
4777	2092
4777	2176
4777	2740
4777	3714
4777	4356
4794	493
4794	3489
4807	4306
4809	1989
4810	240
4810	535
4810	1083
4810	1102
4810	2031
4810	2573
4810	3175
4810	3245
4810	4308
4815	2382
4819	2911
4819	3866
4822	2092
4822	3241
4828	765
4828	1105
4828	1825
4828	1857
4828	3489
4828	3615
4828	3714
4828	4423
4836	24
4842	2382
4844	378
4844	4744
4851	24
4851	378
4851	2092
4854	1643
4858	2092
4858	2577
4860	256
4863	45
4863	546
4863	1936
4865	378
4868	92
4868	326
4868	2881
4868	3489
4868	4068
4869	256
4869	1861
4869	2092
4869	2987
4869	3233
4870	3839
4871	2516
4874	493
4874	3831
4874	3960
4875	2784
4876	861
4878	1373
4878	3175
4878	4744
4889	3795
4892	1769
4892	2904
4896	1643
4896	2092
4896	2863
4896	3615
4899	2920
4902	2176
4902	2993
4909	838
4909	2612
4911	765
4911	2262
4911	3114
4911	3459
4911	3489
4914	1064
4915	3196
4921	378
4921	1825
4926	378
4926	2092
4926	3930
4926	4744
4941	503
4941	542
4941	2092
4941	2210
4941	2589
4941	4545
4947	1179
4948	2092
4950	110
4950	201
4950	282
4950	358
4950	840
4950	1196
4950	1601
4950	1640
4950	1791
4950	3631
4951	406
4951	493
4951	2362
4951	2695
4951	2920
4951	3083
4951	3569
4951	4383
4956	989
4962	359
4962	2402
4962	3787
4966	3245
4969	4422
4971	2092
4971	3053
4971	4744
4973	4423
4982	2092
4987	3714
4992	2092
4993	3401
4998	2920
4998	3044
4998	3534
5002	1825
5002	2090
5002	2920
5002	4687
5008	1165
5008	1193
5008	1825
5008	2294
5008	3458
5008	4154
5008	4703
5009	2092
5009	4422
5014	994
5026	3692
5030	714
5030	1825
5030	2092
5030	3075
5030	4744
5042	2092
5043	1041
5043	1181
5043	3912
5043	4744
5044	501
5044	775
5044	1428
5044	2092
5044	2920
5044	3882
5044	4744
5046	3714
5049	2307
5049	4744
5051	2920
5067	2092
5081	421
5081	4422
5082	2092
5082	2920
5082	3102
5082	3266
5082	3714
5082	3788
5082	3871
5082	4540
5085	3401
5085	3714
5085	3967
5085	4246
5087	378
5087	2996
5090	2920
5092	4108
5096	378
5096	4021
5099	2251
5105	359
5111	535
5113	2996
5114	394
5118	1041
5118	2748
5118	2943
5118	3175
5127	3135
5127	3714
5128	95
5128	861
5128	1073
5128	2784
5128	4346
5137	3489
5138	989
5138	1521
5138	2092
5138	2340
5138	3401
5138	3459
5138	4064
5139	4548
5140	493
5140	2117
5141	3401
5152	118
5155	3233
5157	2092
5159	1902
5159	2092
5159	2849
5160	1825
5160	2920
5163	3478
5164	653
5164	765
5164	947
5164	1881
5164	2039
5164	2092
5164	2440
5164	2920
5164	3401
5164	3489
5164	3615
5164	4367
5169	208
5169	378
5169	2069
5170	726
5170	1105
5170	2092
5170	4744
5176	2996
5176	4744
5177	1135
5178	4401
5181	2092
5181	2920
5185	371
5185	381
5185	676
5185	1916
5185	4497
5190	240
5190	765
5190	1974
5190	2402
5190	3272
5190	3489
5190	4436
5190	4542
5191	989
5191	1374
5191	2092
5191	2568
5191	3401
5191	3454
5191	4380
5205	1085
5209	1041
5209	2911
5210	2920
5210	4447
5211	521
5211	546
5211	745
5211	786
5211	871
5211	918
5211	968
5211	1260
5211	1769
5211	2069
5211	2414
5211	2589
5211	3214
5211	3416
5211	3457
5212	24
5214	1041
5214	1769
5214	2092
5214	2115
5214	2393
5214	3175
5214	3569
5214	4433
5220	247
5220	378
5220	493
5220	1671
5220	2039
5220	2092
5220	2848
5220	2911
5220	3489
5220	3522
5220	3841
5220	4061
5220	4308
5220	4670
5221	1071
5221	1505
5221	2092
5221	2920
5221	3188
5221	3401
5221	3464
5221	3615
5221	4401
5222	1945
5222	3489
5223	3044
5224	378
5230	1745
5248	378
5250	2748
5251	765
5251	1881
5251	3188
5251	3293
5251	3972
5253	378
5256	3197
5258	3034
5258	4475
5259	2092
5265	161
5265	1283
5265	2503
5268	1139
5268	2786
5268	2920
5270	3489
5271	2577
5278	765
5278	1668
5278	2092
5278	3241
5278	3983
5278	4744
5287	2327
5290	714
5290	2921
5290	3023
5294	1454
5294	1896
5294	2092
5294	2592
5294	2920
5294	3401
5294	3457
5294	3870
5294	4306
5294	4308
5294	4727
5297	2092
5297	3300
5300	2850
5305	757
5305	1825
5305	2092
5305	2340
5305	2849
5305	2987
5305	3023
5305	3489
5305	4306
5306	4542
5320	3197
5320	3714
5322	535
5322	2092
5336	4090
5339	838
5339	3246
5343	2920
5343	4744
5353	2867
5353	3024
5354	2920
5357	2092
5357	2474
5357	2967
5357	3241
5357	3714
5363	765
5363	1507
5363	2092
5363	3489
5363	3615
5363	3811
5363	4367
5370	2092
5371	2092
5371	3999
5379	4744
5383	1976
5383	2895
5387	1139
5387	4744
5390	493
5390	1428
5390	1780
5390	2829
5390	3615
5390	3972
5390	4548
5390	4659
5391	930
5391	2920
5401	1197
5401	2142
5405	36
5405	3241
5406	2382
5406	3154
5412	2448
5413	2920
5421	3010
5421	3489
5424	2092
5424	3011
5429	564
5430	1773
5430	3109
5432	989
5432	3615
5442	1644
5442	1936
5442	2092
5442	3401
5444	378
5444	932
5444	1268
5444	2092
5444	2732
5444	3385
5444	4444
5446	1825
5456	2092
5461	2920
5464	473
5464	1902
5464	3241
5465	14
5465	2996
5465	3507
5465	3562
5465	4744
5467	2092
5467	4744
5475	1041
5488	997
5488	3561
5488	4148
5489	765
5489	4423
5489	4744
5495	2092
5500	2777
5500	2969
5500	3659
5500	3877
5500	4383
5501	1285
5507	240
5507	2041
5516	3723
5523	720
5524	2092
5525	2092
5525	3023
5525	4744
5527	2023
5529	989
5529	2142
5529	2849
5531	2092
5536	371
5536	765
5536	1168
5536	2092
5536	3023
5536	3489
5536	3534
5536	4068
5537	2092
5537	2149
5538	183
5545	283
5545	378
5545	599
5545	989
5545	1616
5545	3118
5545	3450
5545	4154
5545	4401
5545	4744
5548	1077
5549	997
5549	3109
5550	505
5550	1476
5550	1881
5550	2142
5550	4303
5550	4579
5563	2092
5565	1016
5569	1196
5569	2069
5569	2170
5569	4011
5570	4443
5578	535
5580	2092
5580	2307
5591	3972
5593	643
5593	1703
5597	4744
5602	4572
5604	2519
5604	4076
5611	1759
5611	1835
5611	4430
5614	765
5614	1811
5614	1825
5614	3489
5614	3615
5614	3795
5616	436
5616	861
5616	1041
5616	1600
5616	1703
5616	1916
5616	2092
5616	2987
5616	4491
5619	429
5620	2092
5623	248
5623	588
5628	4021
5635	399
5635	3537
5637	172
5637	821
5637	920
5637	2142
5637	4308
5637	4720
5642	223
5642	3507
5642	4584
5649	2092
5653	1999
5653	3085
5653	3281
5653	4465
5653	4744
5658	2092
5662	765
5663	2092
5669	377
5669	1096
5669	2294
5672	1811
5672	3395
5672	3731
5673	745
5673	1721
5673	1821
5673	1855
5673	1904
5673	2069
5673	2521
5673	3823
5673	4498
5673	4640
5678	2069
5696	2092
5700	1677
5700	2230
5700	2263
5704	2092
5705	2092
5707	889
5707	1359
5707	2092
5707	3241
5709	765
5715	2092
5715	2402
5717	15
5717	208
5717	378
5717	1700
5717	1791
5725	88
5725	663
5725	989
5725	2092
5725	2292
5725	2316
5725	2393
5725	3507
5725	3811
5725	3866
5725	4206
5727	493
5727	3196
5727	4744
5744	493
5744	1105
5744	1236
5744	3196
5748	24
5748	358
5748	2092
5748	2681
5750	765
5750	2092
5750	3714
5757	2092
5766	2092
5770	352
5770	1135
5770	4467
5773	1436
5780	3521
5782	1122
5782	1610
5782	1619
5782	1700
5782	2092
5782	2849
5782	3811
5782	3926
5782	4190
5782	4254
5783	3023
5783	3414
5783	4744
5784	2031
5790	2920
5792	937
5792	968
5792	1193
5792	1698
5792	2092
5792	2321
5792	2575
5792	3175
5792	3320
5792	4308
5792	4623
5795	765
5795	1825
5795	3135
5795	3489
5795	3615
5795	3714
5795	4068
5795	4380
5796	2996
5800	4744
5801	2092
5813	1094
5821	3562
5826	3546
5827	419
5827	2589
5829	861
5829	3272
5833	378
5840	1442
5840	1457
5840	1769
5840	1855
5844	2092
5848	920
5848	3714
5860	989
5860	1643
5860	2092
5860	2417
5860	2568
5860	2675
5860	4287
5870	493
5870	3489
5870	4481
5878	1582
5879	420
5887	2748
5889	765
5889	2092
5889	2887
5889	3401
5889	3489
5889	3837
5889	4068
5889	4744
5897	2996
5899	1811
5899	2503
5899	2969
5902	4744
5906	1096
5907	1553
5907	2092
5907	3534
5907	3714
5913	688
5913	1139
5913	2920
5913	3144
5913	3878
5914	2920
5914	4246
5920	2092
5921	24
5924	1507
5924	3877
5942	2092
5942	4067
5942	4511
5942	4752
5943	3878
5946	2092
5951	990
5951	2577
5951	4744
5973	78
5973	3747
5973	3776
5973	3959
5973	4744
5974	3714
5975	2092
5975	3536
5981	571
5987	1025
5987	2920
5987	3197
5987	4744
5988	765
5990	745
5996	2884
5997	2092
5997	4548
5998	1610
6004	997
6004	1505
6004	2920
6004	3175
6008	378
6011	2920
6011	4467
6015	4605
6016	8
6016	24
6016	359
6016	378
6016	765
6016	2173
6016	3024
6016	3454
6016	3489
6016	4068
6019	3615
6021	4139
6026	3714
6026	4000
6027	2577
6030	3245
6030	3714
6031	2092
6031	2321
6031	2920
6031	4447
6033	4422
6036	493
6036	3399
6039	861
6039	1118
6039	1348
6039	1605
6039	2385
6039	2883
6039	2967
6039	2996
6039	3546
6039	4503
6039	4744
6043	2092
6044	2092
6044	2678
6044	4744
6050	2443
6050	3714
6050	4423
6051	2092
6051	4254
6055	637
6055	2029
6055	2031
6055	2092
6055	3175
6055	3536
6055	3791
6061	1531
6061	2577
6067	378
6067	2908
6067	3452
6071	765
6071	2173
6074	378
6075	1958
6075	2943
6075	3912
6075	4744
6079	378
6081	3401
6087	3489
6090	1373
6093	4744
6095	2292
6100	745
6100	1457
6100	2069
6100	3635
6100	4052
6100	4498
6103	378
6103	765
6103	2332
6103	3489
6103	3714
6103	4399
6109	2092
6110	1727
6113	44
6113	493
6113	2382
6113	3197
6113	4021
6113	4339
6121	2092
6121	3009
6121	3638
6121	4440
6121	4576
6123	765
6126	4744
6133	765
6133	1502
6133	1857
6133	2092
6133	2321
6133	2402
6133	2475
6133	2920
6133	3378
6133	3401
6133	3489
6133	3615
6133	4418
6133	4434
6133	4523
6138	1193
6141	282
6154	4744
6160	378
6160	1769
6160	2382
6160	3714
6165	2092
6165	4308
6168	2996
6168	4422
6170	2176
6178	2092
6178	2321
6179	2092
6179	4744
6185	2092
6190	67
6190	493
6190	2092
6190	2612
6191	3522
6201	3196
6205	2920
6208	1644
6208	1871
6208	2069
6208	2521
6208	4498
6208	4640
6210	2018
6210	3044
6210	3654
6214	201
6214	223
6214	577
6214	755
6214	878
6214	1173
6214	1821
6214	1902
6214	2069
6214	2092
6214	2375
6214	2521
6214	3126
6214	3261
6214	4498
6215	765
6215	1825
6215	3489
6218	1252
6218	2092
6222	868
6222	1525
6222	2943
6222	4061
6222	4380
6224	378
6225	2996
6225	4720
6230	3197
6235	985
6235	3044
6235	4744
6241	378
6241	1769
6254	616
6254	989
6254	1507
6254	2092
6254	2142
6254	2881
6254	2996
6254	3464
6254	3615
6254	4068
6254	4111
6255	2032
6255	2571
6255	4748
6259	997
6259	1763
6259	2092
6259	3175
6259	3441
6259	3719
6259	3734
6268	3562
6273	1041
6273	3560
6273	4383
6278	2092
6278	3366
6281	765
6282	1507
6298	350
6298	765
6298	2092
6298	2402
6298	3366
6298	3489
6298	4434
6298	4523
6299	3377
6300	1193
6300	1513
6300	1773
6300	3458
6300	4036
6300	4690
6305	3714
6307	3714
6312	989
6312	1837
6312	2031
6312	3714
6315	765
6315	1025
6315	2040
6322	2406
6322	3615
6324	765
6324	2577
6327	378
6327	1619
6327	2092
6334	4122
6335	765
6335	2996
6341	2032
6347	4213
6350	765
6350	4744
6351	417
6351	2920
6351	4744
6359	2092
6359	4744
6370	2092
6370	2251
6370	2294
6370	3667
6370	3866
6372	3714
6373	2092
6373	3417
6373	4498
6376	60
6376	2092
6378	2092
6380	2092
6382	3566
6384	2092
6388	168
6388	3188
6390	4356
6401	2092
6409	4147
6416	157
6416	833
6416	1769
6416	2059
6416	4467
6421	358
6421	378
6421	2092
6421	2920
6421	3972
6421	4744
6422	1041
6422	1599
6427	658
6427	2092
6427	2920
6427	3401
6427	4744
6430	456
6436	4001
6437	861
6437	3085
6448	765
6448	1039
6448	1825
6448	2577
6448	2920
6448	3401
6448	3454
6448	3489
6448	3714
6448	4313
6451	2092
6451	3615
6451	3714
6453	906
6453	3011
6453	3274
6453	3489
6458	378
6460	765
6460	947
6460	1938
6460	3075
6460	3489
6462	760
6462	783
6462	2044
6462	2092
6462	4246
6462	4306
6464	765
6464	2092
6464	3401
6464	3615
6469	378
6469	1769
6469	2069
6469	2922
6469	4383
6471	2092
6471	2911
6471	4356
6472	570
6472	745
6472	968
6472	1756
6472	2069
6472	2092
6472	2414
6472	2996
6472	4110
6472	4498
6472	4756
6473	1646
6473	2092
6473	2352
6475	1935
6475	3489
6478	714
6478	989
6478	3441
6478	4680
6489	1879
6489	3196
6494	4744
6496	790
6496	2039
6496	2505
6496	3401
6496	3489
6501	2061
6501	4222
6502	247
6502	3489
6502	3615
6503	1668
6505	378
6510	2092
6510	2911
6515	2159
6532	137
6532	3441
6532	3859
6534	765
6535	2577
6535	3212
6536	312
6536	2525
6539	327
6543	2589
6543	2658
6549	378
6556	4345
6558	4054
6566	3009
6566	4434
6567	861
6568	2092
6568	4364
6568	4744
6575	1192
6575	1531
6575	3454
6576	1324
6576	2039
6576	2577
6576	2996
6581	671
6581	2142
6581	2478
6586	2920
6586	3740
6586	4000
6589	378
6589	989
6589	2294
6589	4001
6589	4422
6589	4744
6590	1455
6590	2153
6590	3740
6591	1790
6593	3300
6593	4308
6605	2920
6605	3281
6610	2092
6610	2730
6620	39
6620	378
6620	4308
6620	4339
6627	493
6633	3659
6642	493
6642	2996
6642	3452
6642	4744
6643	3401
6654	1186
6654	3714
6656	493
6656	765
6656	1105
6656	1825
6656	1953
6656	2402
6656	3459
6656	3489
6656	3615
6656	3638
6656	3714
6656	4480
6665	352
6665	2092
6671	378
6671	745
6671	1865
6675	2092
6675	3401
6675	4009
6675	4744
6679	378
6679	1811
6680	3837
6680	4744
6707	2362
6707	2681
6707	3489
6712	2092
6714	378
6714	838
6714	2996
6714	3912
6714	3979
6714	4721
6714	4744
6715	442
6715	633
6715	2920
6715	3401
6715	4434
6719	571
6720	3569
6720	3714
6728	1285
6732	557
6732	2105
6733	4308
6733	4383
6742	1522
6743	1640
6743	3094
6744	2092
6749	968
6749	3404
6750	3241
6756	1531
6757	1122
6758	4744
6760	2402
6762	1236
6765	4545
6768	1507
6768	2681
6768	3401
6768	3864
6768	4345
6768	4371
6770	4401
6773	1041
6780	898
6784	505
6784	2092
6784	2151
6784	4744
6788	2092
6794	378
6794	522
6794	782
6794	989
6794	1566
6794	1601
6794	1610
6794	2142
6794	2825
6794	3450
6794	3787
6794	4498
6794	4744
6796	2993
6798	137
6798	1566
6798	1825
6798	2920
6804	1135
6804	1169
6804	2031
6804	2268
6804	3498
6804	4744
6809	3714
6809	4744
6814	378
6814	2069
6814	2269
6814	3568
6814	4498
6815	378
6823	989
6825	2092
6825	2573
6825	2920
6825	3196
6831	3489
6832	378
6832	765
6832	1825
6832	2219
6832	2675
6832	3489
6832	3615
6832	3714
6832	4511
6836	2092
6839	2920
6845	118
6845	1857
6845	2321
6845	2705
6845	2920
6845	3401
6845	4434
6845	4723
6846	358
6846	378
6846	1780
6846	2996
6848	378
6848	968
6848	1295
6848	2092
6848	2658
6854	1825
6862	493
6862	861
6862	1041
6862	1339
6862	3175
6862	4606
6864	378
6864	1101
6864	1671
6864	2598
6864	3298
6864	4553
6869	3489
6869	4744
6871	436
6880	3489
6881	378
6881	1825
6883	2031
6883	4171
6889	1122
6889	1566
6889	2092
6892	116
6892	2294
6892	3442
6893	2294
6897	1769
6898	1041
6898	1135
6898	2092
6898	3197
6898	3659
6898	4744
6906	267
6908	3714
6909	163
6909	359
6909	989
6909	1519
6909	1637
6909	1881
6909	2031
6909	2092
6909	2577
6909	2943
6909	3070
6909	3464
6909	3613
6909	4410
6910	2092
6918	997
6918	3196
6918	4744
6920	708
6920	782
6920	2658
6920	3175
6920	3329
6922	378
6922	653
6922	989
6922	1252
6922	1281
6922	1610
6922	1769
6922	3320
6922	4245
6929	535
6933	1499
6933	3731
6936	765
6951	3241
6954	81
6954	3457
6955	378
6965	2226
6972	201
6972	358
6972	399
6972	535
6972	1985
6972	2875
6974	3192
6979	3489
6982	4192
6984	1348
6989	970
6989	2069
6989	4498
6989	4640
6992	2092
6992	4401
6994	3246
6998	765
7002	1825
7002	2499
7007	2092
7007	2163
7007	3795
7010	2092
7010	3660
7013	2920
7013	3714
7014	417
7014	765
7014	3401
7015	501
7015	2321
7017	1891
7017	2142
7017	2920
7017	3401
7017	4260
7018	3162
7023	2092
7023	4542
7025	1769
7034	2587
7034	3361
7034	4744
7041	989
7041	1243
7041	1505
7041	1578
7041	1588
7041	1825
7041	2092
7041	4744
7043	457
7043	4233
7043	4498
7045	378
7053	3714
7055	3489
7057	3281
7060	1811
7060	4744
7062	1757
7064	2069
7064	4498
7066	1173
7066	2092
7068	231
7068	378
7068	421
7068	997
7068	1122
7068	1193
7068	2252
7068	2788
7068	2908
7068	4498
7068	4744
7078	378
7078	2092
7078	3536
7084	2092
7088	61
7088	688
7088	765
7088	1525
7088	1825
7088	2855
7088	3215
7088	3615
7088	3714
7088	3967
7092	920
7092	1174
7092	2092
7092	4356
7092	4367
7098	2092
7099	118
7099	1373
7099	1476
7099	1507
7099	2142
7099	2822
7099	3714
7099	4105
7103	3714
7104	2741
7104	4434
7118	571
7118	3615
7118	3714
7118	4687
7126	378
7126	2092
7127	2092
7132	1462
7134	4292
7135	4001
7136	3450
7136	3767
7141	1122
7141	2092
7142	326
7142	989
7142	3513
7142	3562
7142	4298
7142	4627
7146	378
7148	2092
7148	4422
7149	838
7149	1375
7149	1960
7149	2589
7149	2658
7151	1283
7152	3024
7153	2092
7161	3043
7161	4254
7167	247
7167	378
7170	378
7170	989
7170	1825
7170	2920
7170	3714
7170	4562
7170	4744
7172	815
7172	1542
7172	1682
7172	2069
7172	3160
7172	3635
7176	1907
7180	378
7180	2219
7180	3241
7180	3837
7184	892
7184	2920
7184	4399
7185	2234
7189	1952
7189	2092
7189	4254
7190	2142
7192	1476
7192	2092
7194	2626
7195	378
7195	720
7195	1283
7195	2176
7195	4744
7199	2920
7199	3329
7199	3871
7202	2996
7208	1122
7208	2092
7212	1945
7212	3401
7216	2092
7220	2784
7224	360
7224	1773
7227	3197
7229	997
7240	1521
7240	1917
7240	2142
7240	2963
7240	3188
7240	4410
7240	4695
7243	714
7243	765
7243	1825
7243	2092
7243	2148
7243	3401
7243	3489
7243	3615
7243	3972
7243	4380
7243	4511
7243	4670
7243	4744
7247	378
7247	1902
7248	24
7248	2092
7248	4744
7249	378
7256	933
7256	989
7256	1853
7256	2298
7256	3085
7256	3401
7256	3808
7256	3888
7256	3982
7256	4308
7256	4430
7260	1593
7260	3241
7260	3293
7260	4720
7263	2943
7265	2142
7266	1193
7266	2092
7271	3489
7271	3912
7275	69
7277	1009
7277	1968
7277	2092
7277	4702
7285	765
7285	1193
7285	1825
7285	2092
7285	2362
7285	2920
7285	3534
7285	3967
7285	3999
7285	4467
7285	4543
7285	4548
7285	4744
7286	2251
7286	2660
7290	2092
7290	2788
7291	1865
7293	69
7293	2996
7301	765
7301	2187
7301	2219
7301	3401
7301	3489
7309	1775
7309	3175
7314	3562
7316	816
7317	1457
7317	3154
7317	4744
7319	15
7319	688
7319	765
7319	1105
7319	2092
7319	2321
7319	2441
7319	2920
7319	3320
7319	3401
7319	3489
7319	4744
7336	989
7336	1588
7336	2092
7336	2920
7336	3489
7336	4548
7345	2136
7346	1881
7350	3197
7350	4744
7351	1759
7353	989
7353	3507
7357	790
7357	983
7357	1507
7357	1760
7357	2142
7357	2412
7357	2996
7357	3067
7357	3320
7357	4153
7357	4744
7360	1139
7360	2092
7360	2920
7360	2969
7361	146
7361	4422
7368	765
7383	4068
7383	4542
7385	1578
7385	1759
7385	2092
7385	3023
7385	4744
7400	765
7400	1012
7403	790
7403	989
7403	1507
7403	1902
7403	2092
7403	3401
7404	2092
7406	282
7411	29
7411	914
7411	2092
7411	2967
7412	1238
7412	3197
7412	3489
7413	997
7413	1041
7413	1703
7413	3373
7415	1902
7415	4744
7435	649
7436	2092
7438	4744
7442	46
7442	765
7442	2092
7442	2219
7442	2342
7442	2624
7442	3024
7442	3241
7442	3324
7442	3489
7442	3534
7442	3615
7442	3714
7448	1348
7448	1578
7448	1881
7448	2092
7448	2911
7448	4302
7449	283
7449	745
7449	1236
7449	1769
7449	2873
7449	4553
7451	2920
7452	4744
7454	1041
7454	2920
7454	4543
7454	4744
7463	765
7463	1332
7465	3441
7468	1773
7471	491
7471	704
7471	2111
7471	2420
7471	2678
7471	2911
7471	3246
7471	4040
7474	1077
7474	2697
7474	3615
7474	4744
7477	4744
7479	2577
7483	995
7490	2920
7491	350
7491	2092
7491	3714
7491	4432
7491	4452
7491	4553
7493	3241
7493	4000
7494	2402
7494	2675
7494	2952
7494	3401
7494	3489
7494	3615
7494	4068
7494	4636
7512	1746
7512	3594
7514	124
7518	3401
7520	994
7520	1067
7520	1825
7520	1950
7520	2092
7520	2920
7520	3023
7520	3489
7520	3638
7520	3714
7520	4009
7520	4068
7520	4380
7526	493
7526	1835
7526	3373
7526	3450
7530	577
7530	945
7530	1511
7530	2176
7530	3452
7530	4104
7531	2092
7532	2187
7532	2920
7539	3454
7539	4418
7546	378
7547	540
7547	765
7547	1825
7547	1953
7547	3489
7547	3615
7547	3714
7547	4380
7552	1646
7552	1739
7552	2142
7552	2920
7552	3175
7552	3401
7552	4744
7554	3714
7561	2148
7562	861
7562	2996
7564	378
7564	968
7572	4744
7578	2069
7578	2092
7578	4665
7580	3241
7582	2092
7582	3233
7584	3489
7584	3615
7586	765
7586	2402
7586	3489
7586	3967
7590	63
7590	434
7590	2092
7590	2094
7590	3145
7590	3159
7590	3758
7595	1825
7595	2092
7595	2920
7595	4548
7597	765
7597	3401
7599	576
7599	1216
7599	1507
7599	2092
7599	2185
7599	2920
7599	3188
7599	3489
7599	3660
7599	3714
7599	4346
7611	4000
7621	879
7623	1643
7623	1755
7623	2268
7623	2911
7623	3094
7623	3522
7623	4744
7639	1916
7642	557
7642	2092
7642	2920
7642	3450
7642	3667
7644	2
7644	46
7644	688
7644	1600
7644	1945
7644	2092
7644	3023
7644	4383
7650	4422
7651	708
7651	1116
7651	1867
7651	1936
7651	2069
7651	2092
7651	2542
7651	4444
7652	429
7652	2472
7652	2920
7652	3765
7652	4744
7652	4748
7653	4562
7654	2763
7654	4001
7655	3831
7656	378
7670	228
7671	58
7672	1566
7672	2092
7672	2402
7674	4401
7687	765
7687	2402
7691	2092
7691	3714
7691	3811
7699	3714
7701	1907
7707	46
7707	1825
7707	2092
7707	2887
7707	3489
7707	3659
7707	4246
7707	4519
7707	4744
7709	2678
7710	378
7710	4744
7712	378
7712	861
7712	2987
7716	2996
7716	3154
7718	3282
7719	26
7722	493
7722	4491
7732	997
7732	2092
7732	3871
7735	350
7735	378
7735	1348
7735	2835
7735	3489
7741	816
7741	985
7741	1101
7741	2887
7741	4744
7746	378
7746	3714
7746	4744
7753	2092
7754	4744
7756	765
7756	989
7756	1507
7756	2294
7756	3569
7756	3660
7758	989
7758	4557
7768	3241
7768	4422
7769	765
7774	2996
7778	2092
7778	3175
7778	4744
7781	3714
7782	3188
7785	304
7785	2092
7785	4744
7786	493
7786	2031
7793	1072
7798	1759
7798	2092
7819	3714
7822	3401
7822	3871
7822	4068
7822	4187
7825	765
7825	3401
7825	3489
7830	1071
7830	3401
7834	493
7834	2568
7834	4433
7843	2092
7844	3714
7845	2148
7845	2829
7845	2976
7845	2996
7845	3615
7845	3714
7845	4744
7851	417
7851	577
7851	1521
7851	1902
7854	4548
7855	1763
7856	3859
7857	3401
7858	359
7858	378
7858	765
7858	1825
7858	2092
7858	2730
7858	3197
7858	3489
7858	4306
7859	378
7868	3698
7870	4687
7871	36
7871	350
7871	616
7871	989
7871	1507
7871	1811
7871	1964
7871	2342
7871	2943
7871	3443
7871	3489
7872	1098
7872	2092
7872	3667
7875	1671
7875	2748
7875	4744
7878	1116
7879	1739
7879	2402
7879	3615
7881	671
7881	2092
7882	989
7882	1683
7882	2092
7882	3197
7884	33
7884	1041
7884	1249
7884	1285
7884	1703
7884	2092
7884	2737
7884	2920
7884	3023
7884	3300
7884	3401
7884	3450
7884	3615
7884	3714
7884	3871
7884	4273
7884	4401
7884	4744
7892	4497
7893	3154
7896	1118
7896	1348
7896	3534
7896	3866
7900	2219
7900	3024
7900	4423
7902	4714
7904	765
7904	1759
7904	2294
7904	2881
7904	2920
7904	3241
7904	3489
7904	3638
7904	4308
7905	1041
7907	1811
7907	3489
7918	2092
7918	4159
7925	95
7925	2092
7926	2846
7926	4744
7928	985
7928	3714
7928	4744
7934	4744
7935	378
7935	1610
7935	2092
7935	3282
7935	4744
7937	377
7937	1193
7937	1507
7937	2092
7937	3373
7937	4744
7938	564
7938	1763
7938	2920
7938	4504
7938	4744
7939	2920
7944	3196
7952	1116
7963	2996
7973	378
7973	989
7973	1566
7973	1610
7973	1825
7973	2153
7973	2292
7973	2763
7973	2920
7973	3613
7973	3714
7975	350
7975	1605
7975	1964
7975	3713
7975	4467
7975	4744
7978	1610
7978	2092
7978	3475
7979	2031
7979	2362
7979	3228
7984	4401
7985	4076
7988	3401
7988	4401
7989	378
7989	840
7989	2132
7989	3457
7991	183
7992	765
8000	2092
8000	3329
8000	3540
8004	4401
8009	1769
8009	4432
8018	2382
8018	3438
8021	1825
8021	1958
8021	2092
8022	4222
8024	421
8024	765
8024	861
8024	2294
8024	2920
8024	3714
8024	4434
8027	2321
8027	2920
8027	3401
8032	2092
8032	3102
8032	3698
8035	378
8035	4611
8036	2092
8036	2920
8036	3401
8036	3615
8036	3726
