0	4422
0	4627
1	4422
8	4583
14	1892
14	2574
14	3030
14	3142
14	3511
14	4422
23	1285
23	3534
23	4422
25	1169
25	2881
25	3300
30	4422
33	4422
37	1169
47	1169
47	1285
49	4422
54	24
54	4422
58	442
58	782
62	24
75	3534
75	4422
76	4443
80	874
80	4192
80	4422
80	4553
86	2105
93	24
94	4422
102	24
102	2881
102	3534
109	1598
109	2289
109	3396
109	3534
109	3805
109	3865
109	4422
110	24
110	1405
112	326
112	907
112	1285
112	1340
112	1765
112	3109
116	67
116	164
116	691
116	2159
116	2448
116	3300
116	3534
120	1285
127	4347
132	24
132	2518
132	4422
135	1285
135	2763
135	2881
135	3300
135	4422
139	3012
139	4422
144	24
146	24
146	2105
147	3534
152	24
152	782
152	4017
152	4422
157	562
157	4553
169	3534
173	24
174	1340
174	2105
177	4422
178	531
178	972
178	4369
181	1116
192	1393
192	2763
194	1105
194	3534
200	4576
201	4466
205	3686
205	4422
205	4576
212	3534
213	2763
213	4422
215	2159
219	1026
219	1118
220	3314
220	3797
230	4059
230	4422
232	24
232	4422
236	2299
236	2881
236	2890
236	2940
236	3121
236	3534
236	4186
237	67
237	1169
237	2239
237	2547
237	3109
237	4422
237	4627
238	2881
238	3534
238	4422
239	1116
239	1867
239	3433
239	4379
246	3534
247	562
247	3534
247	4422
252	4422
261	907
261	2518
261	3296
268	24
273	4422
276	3440
289	3184
289	4422
300	3534
301	1118
301	4422
305	2698
306	1447
306	2159
306	2299
310	24
310	326
310	1169
310	1285
310	1309
310	1920
310	2271
310	2763
312	782
312	874
312	4017
312	4553
313	4135
321	782
321	949
322	67
322	524
322	1105
322	1412
322	2881
322	3173
322	3534
322	3736
322	4422
326	60
328	2041
328	3680
328	4422
329	782
329	907
329	1542
332	67
355	2912
357	1285
358	67
358	4553
359	874
359	4553
365	326
367	38
367	100
367	442
367	1285
367	1608
367	1765
367	2067
367	2094
367	2159
367	2299
367	2313
367	2705
367	2763
367	3109
367	3189
367	3392
367	4018
367	4079
367	4422
371	156
371	1142
371	1264
371	2159
371	2313
371	2328
371	3189
372	738
372	874
372	2763
372	2972
372	3300
372	4237
372	4422
372	4553
376	2518
376	4422
382	1192
382	4422
398	1169
398	1780
398	4553
402	4422
404	542
404	874
405	3534
405	4422
407	874
407	3200
407	4422
409	67
420	2067
420	2275
420	2763
420	2881
420	4027
424	1285
434	614
434	1169
434	4237
434	4422
437	326
437	4422
437	4576
442	4553
443	1285
444	1754
453	691
455	2159
479	4422
486	1804
486	4422
488	2642
490	1867
490	3657
491	3686
491	4182
494	4079
496	2881
496	3534
498	2507
498	3534
499	1285
499	2067
499	2275
499	2881
500	3534
502	4422
505	1309
505	1780
505	1892
505	3060
505	3300
507	4422
511	2763
511	3300
512	1285
512	3911
520	2881
525	2618
528	1169
528	2110
528	3534
534	4422
542	2881
550	4422
553	3534
553	4443
554	1055
554	1080
554	1285
562	3534
562	4422
565	3797
568	4422
569	4422
571	782
571	3165
571	3657
571	4422
579	498
579	4003
580	1169
583	24
583	562
583	1105
583	1542
583	2067
583	2275
583	2507
583	3638
583	4422
587	3638
590	1169
603	3534
605	4237
605	4422
610	1567
610	1608
610	2105
610	3109
610	3534
610	4079
610	4422
614	24
615	67
615	4422
625	4422
629	24
629	4422
635	1118
642	782
642	874
647	1088
647	4422
649	1645
649	3300
649	4422
650	67
650	956
650	1026
650	1105
650	1731
650	2954
650	3534
650	3638
654	782
654	2105
654	3165
656	111
656	957
656	3014
656	4576
658	874
658	4422
667	2518
681	1285
681	4712
682	1503
682	1892
682	4576
686	4422
692	626
692	3109
696	4422
698	1105
699	1285
702	326
702	782
702	972
702	2763
702	3014
702	3189
702	3300
702	4422
702	4466
702	4553
713	874
725	3229
725	4422
735	925
743	1194
743	2261
743	2328
743	4090
744	24
744	2299
744	2476
744	2763
744	2954
744	3216
744	3300
749	4422
752	24
752	242
752	2067
752	2275
752	2299
752	3534
754	3901
756	326
756	1105
756	3216
756	3534
756	4422
757	24
757	67
757	636
757	1105
757	1118
757	2763
757	2881
757	2912
757	3534
765	1259
765	1581
765	2193
765	2750
775	24
775	326
775	562
775	1118
775	1382
775	2763
775	3014
775	3133
775	3300
775	3534
775	3985
775	4182
775	4422
776	2159
776	4627
781	3608
781	4422
786	3534
790	24
790	242
790	2275
790	2383
790	3091
795	24
795	562
795	665
812	3534
817	67
817	1105
817	1969
817	2881
820	4422
821	3534
824	67
824	439
824	3060
824	3847
826	4422
833	161
833	3534
835	782
837	4422
845	67
852	1105
852	2881
852	3534
852	3638
852	4422
858	4422
860	1194
860	1542
861	701
861	1285
865	24
865	442
865	562
865	1272
865	1382
865	1567
865	1695
865	1765
865	2067
865	2475
865	2881
865	3534
865	4422
867	4422
868	24
868	4422
872	4553
874	1676
875	1169
879	2105
879	4553
882	3977
883	4422
890	2881
903	2336
909	24
909	2881
909	3534
924	782
924	874
924	1118
924	2105
924	2507
924	2714
924	3300
924	4422
924	4553
927	940
927	1194
927	2275
927	2881
927	3534
928	1105
931	2881
933	1105
933	3534
933	3797
933	4422
934	3534
934	4422
938	1309
938	2094
947	874
947	1780
947	2105
947	2598
947	3749
955	24
955	1105
955	3534
955	4422
960	67
960	1169
960	3060
962	1285
967	24
967	626
967	1873
967	2448
973	1285
974	24
974	3534
977	3534
980	161
980	4422
984	24
984	1105
984	1118
984	2881
984	3534
994	782
994	2105
996	4422
998	4422
1001	2476
1006	1105
1007	2763
1009	24
1009	4177
1009	4422
1012	1105
1012	2618
1012	3534
1012	4422
1016	1780
1016	4553
1023	67
1023	1118
1023	3534
1023	3638
1023	4422
1024	4422
1026	562
1026	782
1026	874
1026	907
1026	1393
1029	1105
1029	3638
1031	2105
1032	2299
1035	3300
1035	3534
1035	3805
1035	3865
1035	4422
1037	1105
1047	3638
1047	4422
1057	24
1058	1302
1058	2881
1075	1169
1075	1285
1075	1309
1075	1346
1075	1608
1075	2159
1075	2763
1075	3109
1078	2383
1100	1118
1108	2299
1112	442
1112	3534
1112	4422
1115	2336
1117	3937
1121	2239
1132	1118
1135	782
1135	2105
1135	3014
1135	3165
1137	4422
1137	4553
1138	782
1138	1118
1138	2598
1145	4422
1153	2881
1153	3534
1163	924
1163	1487
1163	2763
1163	3231
1165	782
1165	874
1169	2299
1169	3534
1169	4422
1175	2041
1181	2105
1181	3440
1181	4422
1187	498
1187	555
1187	2582
1187	4422
1189	782
1189	4422
1195	1057
1195	1780
1195	3200
1195	4082
1195	4553
1200	67
1200	2159
1200	4422
1203	3534
1210	161
1210	4422
1210	4553
1218	2313
1218	2598
1218	3470
1223	4553
1226	2105
1235	67
1235	1105
1235	3012
1238	4422
1244	4422
1255	635
1255	4422
1256	67
1256	2178
1256	4422
1256	4553
1257	542
1257	566
1257	907
1257	924
1257	1116
1257	1199
1257	1542
1257	1867
1257	3631
1257	4422
1257	4443
1268	1118
1268	4422
1278	2600
1281	326
1281	1118
1281	1309
1281	2041
1281	2275
1281	2299
1281	2705
1281	3392
1281	3534
1281	4079
1281	4422
1288	1116
1289	1105
1289	2299
1289	2881
1289	3638
1291	3173
1292	24
1293	148
1293	424
1293	2159
1293	2299
1293	2763
1294	874
1294	2598
1294	2642
1294	4422
1294	4553
1300	1118
1306	2881
1307	1118
1307	4422
1309	3534
1311	1105
1311	2248
1311	3534
1311	4422
1313	4422
1318	4422
1321	1309
1321	3300
1327	3012
1327	4422
1332	4082
1332	4422
1337	1309
1338	502
1338	4422
1361	24
1361	768
1361	1118
1361	2159
1361	2763
1362	2275
1362	2313
1362	4369
1364	1105
1367	4422
1370	1065
1379	24
1379	1105
1379	2159
1379	3534
1380	2518
1385	84
1385	498
1385	1401
1393	1105
1395	39
1398	67
1398	1116
1398	1169
1398	1895
1398	3019
1398	4422
1398	4553
1400	24
1400	161
1400	1466
1400	2881
1400	3534
1400	4422
1402	1116
1402	3631
1405	3534
1409	24
1409	782
1409	1285
1409	1503
1409	1780
1409	3012
1409	3684
1409	3749
1409	3889
1409	4167
1409	4553
1409	4675
1414	542
1416	2954
1416	4553
1418	24
1418	2975
1418	4422
1419	1169
1420	4422
1437	2299
1439	874
1439	949
1442	1118
1444	3060
1444	4627
1445	161
1445	782
1445	2705
1448	2067
1448	3534
1448	4422
1455	24
1455	3638
1462	2881
1462	4422
1468	1542
1468	2041
1468	4422
1468	4553
1471	691
1471	2281
1471	2299
1471	3534
1474	2507
1474	4422
1476	2122
1477	67
1477	556
1477	1467
1477	2239
1477	2707
1477	2760
1477	2954
1477	4237
1477	4422
1477	4712
1482	2940
1482	3060
1482	3300
1493	1118
1493	4422
1494	2763
1495	313
1495	701
1495	1393
1495	2105
1495	2313
1495	2518
1495	2763
1495	3072
1495	3300
1495	4422
1495	4553
1505	1528
1512	1340
1512	1969
1512	2881
1512	3343
1512	4422
1515	24
1517	2881
1517	3534
1517	4422
1518	4422
1522	4422
1524	2159
1524	4121
1524	4422
1536	1105
1540	1105
1540	2299
1540	2881
1541	1285
1544	957
1544	2216
1544	2518
1544	4553
1547	405
1547	4553
1549	924
1549	4018
1570	4407
1570	4422
1571	67
1571	1169
1571	2763
1571	4237
1571	4422
1573	67
1573	1169
1573	4422
1574	39
1574	2598
1578	4422
1578	4627
1581	1118
1581	3534
1584	562
1590	2105
1590	4422
1591	4422
1600	2600
1600	3534
1600	4422
1601	1780
1601	4553
1602	4422
1605	2518
1606	1105
1606	1169
1606	2763
1606	3638
1606	4422
1608	782
1608	1116
1608	1780
1608	2706
1608	3631
1610	259
1610	2122
1610	2328
1610	4059
1613	67
1624	24
1624	161
1624	242
1624	442
1624	1309
1624	2159
1624	2299
1624	3109
1624	3165
1624	3797
1624	4059
1627	1105
1627	2299
1627	2618
1627	2881
1627	3534
1628	24
1628	1105
1628	2881
1628	3534
1628	3686
1633	3638
1634	4422
1636	326
1636	2881
1636	3638
1636	4422
1643	1169
1643	4422
1649	1105
1649	3534
1649	4148
1649	4422
1655	24
1655	161
1655	242
1655	972
1655	1118
1655	2159
1655	2395
1655	2618
1655	3022
1655	3985
1655	4059
1655	4177
1658	4422
1658	4553
1669	4347
1669	4422
1672	2706
1673	1194
1673	1285
1673	1487
1673	2547
1681	4422
1685	1169
1685	2478
1687	4422
1692	1754
1692	1892
1692	2275
1692	2299
1692	4186
1700	326
1700	2094
1700	2763
1700	4422
1704	1285
1704	2763
1704	3300
1705	148
1705	1419
1705	2239
1705	3060
1705	4553
1712	3012
1715	3534
1722	24
1722	67
1722	4422
1725	3534
1725	4422
1732	542
1732	874
1732	1780
1732	2518
1732	3992
1732	4553
1743	2763
1744	2033
1744	3640
1745	2763
1746	4422
1747	1116
1748	24
1748	2618
1748	2881
1748	3534
1748	3638
1753	1118
1753	1169
1753	4422
1757	2705
1763	161
1763	3534
1765	1105
1765	1118
1765	1466
1765	2299
1765	2763
1765	3133
1765	3534
1765	4422
1768	3992
1772	1780
1772	4553
1773	3014
1773	3736
1773	4059
1776	3534
1780	874
1780	3631
1780	3635
1780	4209
1781	1118
1788	4422
1801	24
1807	2881
1807	3534
1808	1169
1811	2476
1811	3473
1812	2518
1825	1285
1825	3911
1826	1116
1826	4026
1826	4432
1828	874
1828	2203
1828	4553
1833	2763
1835	2912
1835	3778
1836	2618
1836	3638
1838	4422
1841	4422
1843	4422
1849	2033
1851	1105
1851	1754
1851	3534
1851	3638
1860	2954
1860	3534
1864	24
1869	3109
1872	874
1872	3200
1872	4017
1876	24
1876	2707
1876	4422
1896	148
1896	321
1896	1608
1896	3392
1897	2159
1898	4422
1899	4553
1901	4422
1908	51
1908	626
1908	1285
1908	2763
1910	4422
1916	24
1916	242
1916	874
1916	1105
1916	1118
1916	1503
1916	2067
1916	2275
1916	2299
1916	2618
1916	2881
1916	3534
1916	4422
1921	3534
1922	67
1922	84
1922	874
1922	1169
1922	3060
1922	4238
1937	4422
1938	1248
1938	4422
1939	4422
1945	1118
1945	1754
1945	2265
1945	3619
1945	4627
1948	1105
1948	1309
1948	1892
1948	2763
1948	3300
1948	3534
1948	4237
1948	4422
1950	3200
1951	1892
1954	24
1954	161
1959	1285
1962	24
1962	2810
1962	2975
1962	3300
1962	4059
1971	3534
1972	3020
1975	161
1975	2763
1978	24
1978	2275
1978	2395
1978	4135
1978	4369
1979	1248
1979	3511
1980	3635
1985	1105
1985	2067
1985	2299
1985	2881
1985	3534
1985	3638
1987	3300
1987	3359
1987	4422
1987	4588
1988	326
1988	1105
1988	1118
1988	2299
1988	2881
1988	3518
1988	3534
1992	782
1992	874
1992	1116
1992	3631
1992	3635
1992	3749
1992	4553
1992	4746
1996	1061
1996	1340
1996	1343
1996	1503
1996	2067
1996	2261
1996	2881
1996	3350
1997	1105
1997	2299
1997	3534
1997	3638
1997	4422
1997	4627
2001	24
2001	555
2001	1118
2014	874
2015	2275
2015	2299
2015	2881
2026	498
2026	782
2026	874
2026	1199
2026	2915
2026	3749
2027	1105
2027	2448
2032	4422
2033	1285
2033	3534
2033	4422
2037	4186
2042	67
2044	562
2048	1598
2048	2763
2048	3300
2052	1116
2052	3631
2052	3736
2059	4422
2063	4422
2065	3835
2066	1116
2068	542
2068	874
2068	1116
2068	3631
2071	1290
2071	4577
2073	782
2079	1116
2079	3992
2079	4026
2079	4379
2079	4422
2079	4553
2083	4
2083	1116
2083	1780
2083	3631
2083	3657
2083	4026
2087	874
2087	3300
2089	4422
2099	1309
2112	1169
2120	874
2120	4422
2125	724
2125	1542
2125	1867
2127	2105
2127	2313
2127	3109
2127	3957
2153	238
2153	1180
2153	2763
2153	3109
2159	24
2159	242
2159	3534
2168	3407
2169	3014
2170	161
2175	242
2175	940
2175	3534
2176	2642
2186	3684
2186	4003
2188	3534
2196	874
2196	2763
2205	4
2205	498
2205	1302
2205	2465
2205	2912
2205	3909
2210	4422
2212	644
2218	2763
2222	782
2222	1542
2222	4422
2227	2239
2227	4422
2231	874
2231	1892
2231	2598
2231	4553
2233	2275
2234	3534
2236	1105
2236	2881
2236	3638
2239	367
2248	626
2248	1466
2253	1754
2253	2881
2253	3901
2253	4018
2263	3638
2269	24
2269	562
2269	2763
2269	3300
2269	4422
2270	3534
2271	2159
2272	1285
2272	3022
2272	3173
2277	67
2277	326
2277	3300
2277	4422
2277	4675
2283	1105
2283	1873
2283	3638
2283	3686
2284	2763
2285	24
2285	1169
2286	3534
2291	1118
2291	2618
2296	1118
2296	1309
2296	2041
2296	4422
2296	4487
2308	4553
2309	24
2321	1567
2330	1199
2339	2105
2340	24
2340	315
2344	67
2344	2313
2344	4014
2344	4148
2345	4422
2350	24
2350	3534
2352	1892
2352	2041
2355	4422
2359	4148
2359	4422
2362	1118
2362	1466
2362	4422
2363	24
2363	1736
2363	2763
2363	4422
2365	1118
2365	2881
2368	4422
2370	3534
2370	4422
2371	1892
2371	2318
2371	3109
2371	4207
2383	242
2383	1118
2383	2067
2383	2275
2383	2881
2383	3638
2383	4027
2391	242
2391	940
2391	1105
2391	1969
2391	2299
2391	2618
2391	2881
2391	3534
2391	3638
2391	3901
2391	4708
2392	701
2392	3200
2392	4422
2392	4563
2393	2763
2394	2618
2394	3534
2399	242
2399	2881
2401	2448
2406	1194
2408	313
2408	541
2408	1393
2408	2041
2408	2763
2408	3109
2408	3133
2408	3300
2408	3534
2408	3591
2411	24
2412	1116
2412	1199
2412	1892
2412	3631
2416	3534
2416	3638
2416	4027
2416	4422
2419	24
2419	1105
2419	2881
2419	3534
2422	2105
2422	4422
2427	696
2431	1528
2431	3216
2431	3534
2434	3534
2434	3638
2437	2299
2440	4422
2441	60
2446	3534
2448	3889
2449	24
2449	562
2449	1118
2449	1393
2449	2313
2449	2518
2449	2763
2449	3133
2449	3534
2449	3901
2453	886
2453	3012
2453	3300
2453	3534
2453	3872
2453	3992
2453	4267
2453	4422
2455	4422
2456	3072
2458	1169
2458	2067
2460	2248
2462	626
2462	2763
2462	4422
2462	4553
2464	24
2464	2105
2464	3012
2464	3300
2464	4422
2464	4553
2466	2949
2469	67
2469	3534
2469	4422
2475	1105
2475	2299
2475	2881
2476	24
2476	2041
2476	4422
2477	2881
2486	2763
2486	2881
2486	3534
2488	1285
2488	2159
2488	2299
2488	2328
2488	3300
2488	4422
2488	4553
2492	24
2492	67
2492	242
2492	1309
2492	1615
2492	2760
2492	3534
2496	161
2498	326
2506	4422
2508	1285
2508	3765
2509	4422
2510	1542
2510	2299
2510	4422
2510	4443
2511	24
2511	1105
2511	2105
2511	2395
2511	2881
2511	2940
2511	3847
2516	3957
2520	3300
2520	3534
2520	4422
2520	4553
2527	1169
2527	2105
2527	2810
2527	4422
2529	161
2529	3778
2533	2041
2533	4090
2536	695
2536	782
2536	2265
2536	2763
2536	3084
2536	3534
2536	4257
2537	287
2538	949
2540	24
2540	161
2540	782
2540	1466
2540	1754
2540	3534
2540	4079
2540	4422
2545	1468
2546	2168
2552	4422
2557	3014
2557	3534
2557	4422
2558	2299
2558	2881
2563	3534
2563	4422
2569	4422
2570	562
2575	67
2575	3534
2580	1969
2581	367
2581	3534
2593	24
2593	626
2593	691
2593	1169
2593	1608
2593	1892
2593	3014
2593	3300
2593	3889
2594	3012
2594	4182
2600	2289
2603	4422
2606	4422
2617	2312
2617	2812
2617	4018
2617	4422
2642	4
2646	2299
2648	67
2648	2011
2648	2881
2648	3534
2650	313
2650	1780
2653	782
2655	24
2655	2159
2655	2881
2655	3638
2659	242
2659	639
2659	1487
2659	2336
2659	3797
2659	4422
2659	4713
2661	1199
2666	1105
2666	1920
2666	2265
2667	2706
2667	2763
2673	2881
2673	3061
2673	3534
2687	161
2687	983
2687	2507
2694	1264
2694	1419
2694	2299
2694	3534
2695	1309
2698	1199
2701	1873
2702	1118
2702	1169
2702	2159
2703	4422
2704	4422
2705	874
2708	1118
2708	4422
2710	67
2718	3681
2723	4422
2724	2159
2724	2239
2724	3534
2724	4422
2728	1118
2730	4422
2735	442
2735	3189
2739	143
2742	24
2742	993
2742	1393
2742	1780
2746	4422
2748	1542
2748	3534
2752	4422
2754	24
2754	326
2754	957
2754	1105
2754	1118
2754	2518
2754	2763
2754	3534
2754	4422
2759	3173
2761	161
2761	2618
2762	4422
2764	542
2764	1780
2764	2105
2768	782
2768	874
2775	1401
2779	3012
2784	782
2789	1608
2789	4422
2790	67
2791	2881
2791	3534
2793	1620
2793	2507
2793	4422
2794	3534
2795	24
2795	326
2795	1169
2795	4237
2795	4422
2803	1285
2808	1285
2811	782
2811	2105
2817	4446
2822	24
2822	1116
2822	3300
2824	782
2833	701
2836	542
2836	3072
2840	1309
2846	4422
2853	706
2853	1118
2853	2763
2853	3012
2856	4422
2857	4422
2859	3534
2860	24
2860	326
2860	442
2860	782
2860	1807
2860	2159
2860	2763
2860	3012
2860	3300
2860	3985
2861	1598
2861	2975
2861	3534
2866	2239
2868	1116
2868	4026
2870	1116
2872	562
2876	4422
2880	2705
2880	4422
2884	3534
2884	4422
2887	1118
2887	3534
2892	4422
2894	1309
2894	2105
2894	4422
2895	4422
2899	4247
2904	1105
2905	4422
2906	24
2906	161
2906	1105
2906	3534
2909	2763
2915	3300
2923	4576
2928	161
2928	1194
2928	2159
2936	24
2936	4422
2938	4422
2940	67
2949	67
2949	242
2949	1105
2949	2067
2949	2299
2949	2618
2949	2881
2949	3534
2949	3638
2958	2033
2960	2763
2961	2265
2975	1969
2980	2881
2980	3635
2982	24
2982	691
2982	3534
2982	4422
2983	2041
2987	782
2987	2050
2987	2105
2987	2642
2987	3736
2987	4553
2987	4746
2996	3765
2998	1105
2998	4608
3003	4422
3006	2299
3007	2518
3007	2763
3007	3534
3007	3985
3007	4422
3008	161
3008	2547
3010	2313
3010	4422
3017	2642
3019	1873
3020	4422
3024	4422
3025	2720
3026	4422
3030	2299
3037	24
3037	161
3037	1969
3047	2094
3047	2705
3047	2763
3047	3109
3050	2159
3053	4422
3062	4422
3065	1199
3066	4422
3072	1105
3072	3534
3077	1105
3077	2618
3077	3534
3086	24
3086	2275
3086	3534
3090	24
3090	1309
3090	4576
3096	1466
3096	4422
3097	2248
3097	4422
3100	24
3100	2881
3101	4422
3105	24
3105	1105
3105	1567
3109	1105
3109	4422
3114	143
3114	3631
3115	4422
3122	4422
3122	4553
3127	1105
3127	4422
3129	562
3129	4422
3148	1309
3148	4422
3152	24
3152	4422
3153	542
3153	4553
3158	531
3158	1309
3160	1892
3171	2041
3173	326
3179	874
3179	1116
3179	1867
3179	2050
3179	2999
3179	3200
3179	3631
3179	4422
3179	4553
3183	1118
3185	24
3185	1105
3185	2881
3185	4369
3189	4422
3195	4422
3197	874
3209	2299
3209	2383
3209	2881
3209	2940
3216	874
3216	2193
3217	1892
3230	3534
3230	4422
3232	2275
3237	3433
3241	1192
3241	1285
3242	626
3242	4422
3244	940
3244	2159
3246	3216
3246	4381
3255	2448
3255	3091
3255	4145
3257	1542
3260	24
3260	1105
3260	1754
3260	2881
3260	3534
3260	3638
3261	3300
3264	3534
3264	4422
3271	1105
3273	626
3273	1194
3273	2167
3273	2275
3273	2299
3273	3638
3281	4553
3289	4422
3308	2763
3308	4422
3312	4422
3335	562
3335	3014
3336	2299
3336	3534
3340	1105
3340	2763
3340	3534
3340	3638
3341	2711
3341	3534
3343	940
3343	2299
3343	2881
3343	3534
3362	1105
3362	4422
3364	2518
3364	3534
3364	4422
3374	2122
3376	1116
3376	3072
3376	3686
3376	3923
3382	4422
3384	1920
3387	1105
3387	2067
3387	3216
3387	3534
3387	4027
3390	24
3390	161
3390	581
3390	1105
3390	2067
3390	2299
3390	2763
3390	3534
3390	4369
3390	4422
3391	706
3391	3534
3405	782
3405	2598
3406	3534
3412	972
3415	782
3417	2041
3417	2763
3417	4238
3417	4422
3419	4079
3421	3534
3426	562
3433	2705
3439	854
3442	4422
3445	24
3445	67
3445	1393
3445	3684
3457	4422
3458	4422
3462	562
3462	1340
3468	874
3468	2714
3469	1118
3469	3019
3469	3534
3479	1169
3479	4372
3479	4422
3486	3534
3486	4422
3490	24
3490	782
3490	874
3490	1118
3490	1780
3490	2105
3490	3534
3490	4422
3490	4553
3494	4422
3507	1118
3507	3534
3507	4422
3512	67
3512	2881
3512	3534
3512	3638
3512	3686
3512	4238
3512	4422
3521	724
3521	874
3521	1780
3521	3433
3521	4017
3521	4432
3521	4553
3529	161
3530	2105
3533	4422
3534	3638
3558	1285
3558	1302
3558	1807
3558	2400
3558	3109
3558	3767
3558	3835
3558	3847
3558	4293
3559	161
3564	39
3569	3534
3572	1598
3572	2239
3576	24
3576	2182
3577	4422
3580	4422
3586	3534
3587	4422
3589	1118
3589	1503
3589	2033
3589	2094
3589	3019
3589	4422
3591	3133
3592	4
3600	2881
3600	4422
3606	782
3606	1116
3610	242
3610	2881
3610	3534
3612	442
3612	1118
3612	1393
3612	2275
3612	4186
3612	4422
3613	3109
3619	4553
3635	2332
3635	4121
3643	67
3643	4422
3647	1285
3647	2673
3647	3957
3661	4422
3662	2209
3664	1892
3667	1780
3667	4553
3668	161
3670	1116
3680	4466
3689	1169
3689	4422
3691	2275
3691	4616
3693	4422
3696	3564
3699	1105
3699	4422
3703	67
3703	2509
3707	782
3721	24
3721	4422
3723	161
3723	782
3723	1105
3730	2299
3733	3534
3733	4422
3735	1105
3735	2067
3735	2881
3735	3534
3742	907
3742	4422
3743	1118
3743	2763
3744	326
3745	1892
3745	2041
3745	2299
3747	3534
3752	1105
3752	1118
3752	2881
3752	3534
3752	3638
3759	2105
3767	1116
3769	3534
3769	4422
3771	2299
3772	1892
3772	2094
3772	2159
3772	2949
3772	3805
3772	4422
3781	326
3781	2763
3785	1169
3785	3534
3787	4422
3803	4145
3805	143
3806	3396
3807	24
3807	614
3807	3142
3813	874
3813	4553
3821	4422
3837	874
3837	4655
3838	845
3838	4422
3844	3534
3844	4422
3853	313
3854	1105
3854	4422
3856	2299
3856	3534
3859	4422
3866	4422
3873	1754
3874	24
3874	242
3874	442
3874	1088
3874	1309
3874	1478
3874	2763
3874	3889
3874	3965
3874	4627
3875	24
3875	4422
3877	2598
3878	2159
3879	2159
3879	3206
3882	4422
3888	50
3888	2881
3893	4
3893	2562
3893	2763
3893	3300
3894	2067
3894	2881
3894	3957
3895	3638
3896	874
3896	1118
3896	2307
3896	2881
3899	1169
3899	2275
3908	3534
3908	4422
3916	1116
3916	2460
3916	4422
3916	4443
3922	993
3924	2571
3924	3019
3930	3534
3932	2881
3935	848
3935	854
3935	2026
3935	2078
3935	2478
3935	3038
3935	3303
3935	3440
3938	4422
3939	1398
3939	1754
3940	24
3940	3534
3940	4422
3947	1105
3947	2299
3947	2881
3947	3638
3953	4422
3957	24
3958	2041
3959	67
3959	3200
3960	4422
3965	2239
3965	3433
3967	1409
3967	1645
3967	3300
3967	4237
3969	2239
3969	4422
3975	161
3976	161
3976	874
3976	2448
3976	4422
3977	3534
3980	2881
3980	4422
3991	1105
3991	2881
4000	4422
4015	1598
4015	2881
4015	3534
4020	24
4020	67
4020	1169
4020	2763
4020	3109
4020	3133
4020	3396
4020	3534
4020	3992
4031	566
4037	3060
4047	2582
4047	2999
4047	3019
4048	4422
4049	4422
4065	4422
4074	1074
4074	2763
4074	4553
4078	24
4078	2881
4078	3300
4087	4422
4092	1447
4092	2982
4095	2067
4095	2275
4095	2763
4095	2881
4095	4027
4096	2203
4096	2763
4096	3686
4096	3715
4105	4422
4106	4422
4108	542
4108	2105
4123	24
4123	2307
4124	2299
4128	1118
4128	3216
4129	4422
4142	4422
4148	24
4150	4422
4152	768
4152	3992
4155	4422
4156	1010
4156	1034
4156	3534
4159	2336
4164	502
4164	1169
4164	1285
4164	1780
4164	2105
4164	2763
4164	2954
4164	3014
4164	3300
4164	3749
4164	3992
4164	4422
4165	4422
4169	4422
4172	2178
4172	4422
4178	24
4178	3534
4178	3771
4178	4422
4183	3534
4183	4168
4184	782
4184	3736
4190	2248
4197	24
4197	1466
4198	874
4202	24
4202	326
4202	1309
4203	1118
4203	3511
4213	2881
4213	2940
4213	4148
4220	782
4220	4553
4229	4148
4230	1285
4238	24
4238	782
4238	1105
4238	1118
4238	2105
4238	2299
4238	2763
4238	3300
4238	4422
4245	1116
4247	1118
4247	3534
4248	24
4248	1393
4248	1405
4248	1608
4248	1892
4248	2881
4248	2982
4248	3109
4248	3995
4248	4168
4248	4598
4249	3511
4250	1116
4251	4422
4254	2881
4256	24
4256	161
4256	2881
4256	3534
4256	4059
4256	4422
4257	24
4257	3534
4257	4396
4257	4422
4262	2719
4262	3014
4289	542
4289	782
4289	1867
4289	2105
4289	2476
4289	3300
4289	3631
4289	4553
4298	1340
4298	3014
4298	4422
4300	940
4300	3534
4307	3534
4309	4422
4314	1105
4314	2067
4314	2275
4314	2881
4314	3534
4320	782
4320	1780
4320	4422
4322	2299
4322	4422
4325	24
4330	3534
4330	4422
4335	24
4335	161
4335	242
4335	1105
4335	1447
4335	2033
4335	2159
4335	2275
4335	2299
4335	2582
4335	2618
4335	2763
4335	2881
4335	3361
4335	3534
4335	3778
4337	4422
4338	3290
4339	242
4339	1105
4339	2763
4339	2881
4340	326
4343	4422
4350	24
4350	2810
4350	2954
4350	3213
4350	3797
4350	4422
4354	1503
4364	24
4364	1466
4364	2159
4364	2705
4370	161
4371	4177
4374	3534
4374	4422
4382	4422
4384	782
4384	4422
4390	874
4397	566
4397	2642
4397	4059
4404	1116
4404	3631
4415	782
4415	2299
4423	2159
4427	4422
4435	4422
4438	782
4438	2763
4438	4422
4438	4573
4440	940
4440	2618
4440	3534
4440	4186
4446	4553
4451	782
4452	1105
4452	4238
4461	3216
4461	3534
4463	4422
4465	4422
4466	67
4471	4422
4472	1105
4472	1780
4472	2105
4472	3534
4481	3534
4481	4422
4484	1105
4484	3022
4484	3518
4484	4535
4491	1169
4493	2881
4493	4135
4493	4369
4494	542
4494	782
4494	3933
4511	1309
4511	1466
4511	4422
4512	1285
4512	1309
4512	3216
4523	1754
4529	701
4529	1478
4529	2167
4529	3012
4529	3700
4530	24
4530	2299
4535	1169
4535	4422
4539	1169
4539	1873
4539	2763
4539	3300
4539	3872
4547	2105
4549	2275
4550	3534
4550	4422
4552	24
4561	242
4561	1169
4561	2033
4561	2041
4561	2067
4561	4422
4566	3797
4567	1118
4567	4422
4569	4422
4571	3012
4584	4422
4586	581
4590	4422
4592	1199
4592	1780
4592	3112
4592	4422
4594	2041
4599	90
4599	3992
4599	4237
4599	4422
4600	24
4600	874
4600	1169
4600	1285
4600	2763
4600	4422
4612	874
4612	1169
4612	1382
4612	2706
4612	3749
4619	4422
4632	4238
4636	3109
4636	3992
4642	2881
4643	2167
4643	3579
4643	3911
4643	4627
4645	106
4645	405
4645	1780
4645	3300
4645	4553
4648	1542
4648	4553
4649	67
4649	2701
4649	2763
4649	2972
4649	3534
4649	4066
4653	4422
4658	2041
4659	1309
4659	2016
4662	3534
4666	1169
4666	1199
4666	2105
4669	67
4669	4422
4672	4422
4696	1542
4696	3720
4696	4422
4696	4553
4700	67
4700	326
4700	555
4700	782
4700	874
4700	1581
4700	2105
4700	2576
4700	2598
4700	2706
4700	3019
4700	4148
4703	4422
4709	55
4709	1026
4709	1285
4709	1459
4709	1765
4709	2105
4709	2800
4711	111
4711	2763
4717	238
4721	1969
4721	2067
4724	367
4724	4422
4725	4
4725	562
4725	782
4725	4422
4726	542
4726	782
4726	4422
4726	4553
4728	326
4728	1105
4728	3534
4728	4422
4730	1105
4730	2299
4730	2881
4730	3534
4731	4145
4732	2299
4732	2618
4732	2881
4750	940
4750	3343
4750	3901
4757	24
4757	3518
4758	1105
4760	4422
4762	24
4762	1105
4762	2067
4762	2299
4762	2881
4762	3638
4762	4381
4763	3534
4765	782
4767	67
4767	326
4767	701
4767	782
4767	1105
4767	1780
4767	1920
4767	3012
4767	3165
4767	3680
4767	4553
4773	3300
4776	1867
4777	24
4777	2763
4777	3638
4777	4553
4781	4422
4786	4182
4809	3603
4810	326
4810	367
4810	665
4810	2299
4810	3012
4810	3992
4810	4407
4810	4422
4819	4422
4825	4422
4828	1105
4828	2881
4828	3638
4834	2299
4836	24
4843	2265
4844	326
4844	3300
4844	4059
4851	24
4851	4422
4860	67
4860	4422
4863	3631
4868	326
4868	1169
4868	2275
4868	2881
4868	4422
4869	1920
4869	4422
4875	3396
4875	4422
4878	4237
4878	4422
4888	2105
4892	782
4892	4432
4896	4192
4902	2105
4902	2763
4909	1780
4909	3200
4911	242
4911	1105
4911	2881
4911	3534
4911	3638
4911	4422
4914	3072
4914	3433
4921	3534
4926	24
4926	3300
4926	4422
4930	4422
4941	542
4941	782
4941	874
4941	925
4941	1542
4941	3072
4941	4146
4950	907
4950	1116
4950	3631
4950	4017
4950	4379
4950	4422
4951	1248
4951	1467
4951	2448
4951	4422
4965	24
4966	3534
4969	3300
4969	4422
4971	4422
4973	1657
4992	4422
4993	3511
4998	3534
5000	2105
5002	1470
5002	2090
5008	3352
5008	4466
5009	4422
5010	1116
5026	1969
5026	3692
5030	556
5030	2448
5030	4422
5039	782
5042	3534
5044	24
5044	161
5044	665
5044	3534
5049	2307
5050	3042
5051	4422
5053	4238
5055	4422
5061	3534
5067	486
5067	4422
5081	242
5081	3534
5081	4422
5082	626
5082	3534
5082	4369
5085	2275
5087	4422
5090	4422
5092	1608
5092	4466
5096	2105
5105	3012
5109	542
5109	4146
5114	782
5118	148
5118	1598
5118	2694
5118	2954
5118	4003
5118	4237
5118	4520
5126	2763
5127	24
5127	1169
5127	1285
5127	4017
5128	67
5128	140
5128	326
5128	2011
5128	2872
5128	2954
5128	4422
5129	1169
5134	1169
5134	1567
5134	2349
5137	209
5137	1754
5138	1118
5138	1349
5138	2167
5138	2383
5138	2982
5139	4422
5140	1169
5141	4422
5147	782
5152	2954
5155	3534
5157	4422
5159	1116
5159	1169
5163	4422
5164	24
5164	67
5164	326
5164	1169
5164	2159
5164	2618
5164	3534
5164	3638
5164	3686
5164	4018
5164	4148
5164	4422
5169	106
5169	874
5169	2763
5169	3300
5169	3749
5169	4422
5169	4553
5170	1105
5176	4422
5177	2265
5178	67
5179	24
5179	4422
5181	3534
5185	3012
5190	242
5190	972
5190	1105
5190	2618
5190	2881
5190	3534
5191	2275
5209	67
5209	4422
5210	1765
5211	405
5211	907
5211	1116
5211	1199
5211	3123
5211	3433
5211	4146
5212	24
5212	4422
5214	55
5214	326
5214	405
5214	874
5214	1169
5214	1192
5214	1285
5214	1780
5214	2289
5214	3300
5214	3684
5214	3911
5214	4553
5220	1105
5220	1118
5220	3012
5220	3534
5220	4422
5221	24
5221	242
5221	541
5221	940
5221	1118
5221	1309
5221	2003
5221	2033
5221	2041
5221	2159
5221	2275
5221	2281
5221	2299
5221	2881
5221	3014
5221	3189
5221	3872
5221	4018
5221	4079
5221	4422
5222	1754
5222	3638
5223	4422
5224	2460
5225	2159
5239	2475
5248	24
5250	24
5250	4422
5251	2318
5251	3534
5253	542
5256	161
5256	1285
5258	1118
5265	161
5267	4422
5268	2786
5268	3300
5268	4059
5270	3534
5278	90
5278	3534
5278	4422
5290	24
5290	3300
5290	3799
5292	1892
5294	100
5294	1155
5294	1466
5294	2261
5294	2299
5297	3300
5300	963
5300	3534
5305	1105
5305	1194
5305	2203
5305	2299
5305	3343
5305	3396
5305	3534
5305	4422
5322	24
5322	4422
5328	2105
5336	1309
5336	4090
5339	562
5339	782
5353	4422
5354	1466
5357	2067
5357	2881
5357	3511
5368	4422
5370	4422
5371	2239
5375	143
5382	4422
5387	67
5390	1503
5390	1780
5390	2105
5390	3534
5391	1118
5392	3109
5392	4422
5392	4443
5401	2041
5405	4237
5412	2448
5429	2094
5429	4192
5430	326
5430	3109
5430	4059
5442	2041
5442	2050
5444	782
5454	1608
5461	161
5461	442
5462	161
5464	3986
5464	4422
5465	691
5465	848
5465	1169
5465	1285
5465	2448
5465	2702
5465	2954
5465	3142
5474	3300
5488	626
5488	4148
5488	4466
5489	2763
5489	4583
5495	2239
5495	4182
5496	2547
5496	4422
5500	3000
5500	3992
5501	1285
5507	2041
5508	619
5508	4422
5510	67
5516	1542
5516	2763
5516	3300
5516	4422
5521	4422
5523	4422
5525	1285
5525	3014
5525	3165
5525	3534
5525	3749
5525	4422
5525	4553
5528	949
5529	1892
5529	2763
5529	3686
5529	4422
5536	1105
5536	1338
5536	2299
5536	3534
5536	3638
5536	4422
5537	161
5537	2518
5545	498
5545	782
5545	2105
5545	2547
5549	3109
5549	4422
5550	1892
5550	2105
5550	2156
5550	2159
5550	2313
5550	3200
5563	1780
5565	3534
5565	3715
5569	782
5569	3362
5569	3762
5570	4422
5570	4443
5580	2307
5593	24
5593	691
5602	1116
5611	326
5611	782
5611	2159
5611	4422
5611	4588
5614	24
5614	103
5614	1105
5614	2763
5614	4422
5615	24
5616	1309
5616	3534
5616	4422
5619	4422
5628	1169
5628	2954
5628	3680
5637	1528
5637	2576
5637	2763
5637	3165
5637	3865
5646	1892
5646	4422
5649	111
5649	3534
5649	4422
5653	854
5653	4422
5658	24
5658	1969
5658	3534
5658	4148
5662	1969
5662	2475
5662	2881
5662	3638
5667	1285
5669	4422
5670	4422
5672	67
5673	782
5673	949
5673	1116
5673	1780
5673	1867
5673	2706
5673	4553
5681	3901
5682	1194
5682	2763
5692	3534
5700	4553
5707	1340
5707	3534
5709	111
5709	2763
5709	4422
5715	24
5715	3534
5717	1780
5717	2239
5717	4443
5717	4553
5725	924
5725	1807
5725	1876
5725	3534
5725	3835
5725	4369
5725	4422
5727	4422
5737	2105
5744	1105
5744	2954
5748	24
5748	4422
5750	24
5750	3534
5761	4422
5770	1118
5773	1285
5782	1780
5782	2209
5782	3200
5782	4422
5782	4553
5783	626
5783	1468
5783	4422
5784	983
5784	1285
5784	4422
5792	50
5792	103
5792	209
5792	1698
5792	2159
5792	2236
5792	3165
5792	3352
5792	3564
5792	3778
5792	3993
5792	4017
5792	4027
5792	4588
5795	24
5795	1105
5795	1169
5795	2881
5795	3534
5795	3638
5796	4422
5801	1309
5801	4422
5821	326
5821	4422
5827	1199
5827	1542
5827	4553
5829	24
5829	67
5833	4422
5836	4422
5838	1105
5838	3534
5840	1442
5840	3362
5845	67
5845	2881
5848	2275
5848	2954
5854	2003
5854	2067
5860	562
5860	1105
5860	1169
5860	1346
5860	3564
5860	4422
5863	3473
5866	542
5866	2105
5870	4422
5873	24
5886	1169
5886	2383
5889	24
5889	1105
5889	1765
5889	3534
5889	3638
5896	874
5897	1285
5899	4167
5901	67
5901	3534
5903	161
5903	1892
5905	24
5907	2122
5907	3534
5913	2105
5913	2328
5921	24
5921	2275
5923	442
5923	2275
5924	2094
5942	2159
5942	2475
5942	3109
5942	3534
5942	4237
5942	4422
5943	1116
5946	2193
5946	4146
5947	4422
5951	67
5951	1201
5951	4422
5969	3242
5973	148
5973	2563
5973	2763
5973	3300
5973	4059
5974	1892
5974	4422
5975	4422
5981	1780
5987	24
5987	1105
5987	2159
5987	2705
5987	3534
5987	4422
5987	4576
5988	24
5988	2881
5990	1169
5990	3142
5992	4422
5996	24
5997	1736
5997	3534
6004	2159
6004	3534
6011	2574
6011	4422
6016	24
6016	67
6016	1412
6016	2105
6016	2881
6016	3534
6016	4422
6021	3889
6021	4422
6026	484
6026	2618
6026	3534
6027	782
6030	3534
6031	1118
6031	2159
6031	2878
6031	4280
6033	4422
6036	4422
6039	24
6039	39
6039	524
6039	556
6039	1118
6039	1186
6039	2478
6039	3019
6039	3133
6039	3300
6039	4422
6043	3901
6050	2172
6050	2881
6051	1780
6051	4553
6055	326
6055	626
6055	1285
6055	2041
6055	2349
6055	2763
6055	3109
6055	4422
6057	1542
6057	3749
6057	4553
6065	874
6066	2328
6067	2105
6067	3200
6067	4553
6075	2949
6075	4422
6082	3534
6083	161
6087	4422
6095	4422
6100	949
6100	1116
6100	3631
6100	3635
6100	4432
6103	2159
6103	2332
6103	4018
6104	67
6104	2159
6104	3534
6109	4422
6111	4422
6113	24
6113	326
6113	1169
6113	1285
6121	1285
6121	3012
6121	3109
6121	3638
6121	4003
6121	4576
6123	24
6123	2299
6125	619
6125	1467
6125	4079
6126	24
6133	326
6133	1105
6133	1118
6133	1194
6133	1264
6133	1401
6133	2275
6133	2299
6133	2475
6133	2878
6133	2881
6133	3534
6133	3638
6138	313
6138	555
6138	1608
6138	4422
6141	67
6141	4422
6141	4553
6154	4422
6159	1780
6160	1780
6161	1169
6168	3534
6168	4422
6170	2299
6175	3534
6178	4422
6179	242
6179	4079
6185	1105
6190	67
6191	3012
6191	4422
6201	1105
6205	502
6208	367
6208	498
6208	4020
6208	4026
6210	3872
6210	4192
6210	4422
6214	782
6214	874
6214	1542
6214	2203
6214	3316
6214	4553
6215	1105
6215	3534
6218	326
6218	1285
6218	2159
6218	4422
6219	4422
6222	1169
6222	3805
6225	562
6225	2196
6227	3072
6235	691
6235	3534
6243	4422
6246	1105
6246	4422
6247	24
6251	1351
6251	4182
6254	242
6254	972
6254	1892
6254	2041
6254	2881
6254	3109
6254	4238
6254	4422
6254	4627
6255	983
6255	1873
6255	2571
6259	143
6259	1118
6259	2186
6259	2518
6259	3684
6264	2518
6273	486
6273	4237
6273	4238
6273	4553
6278	4422
6281	4422
6282	2313
6282	3300
6283	3300
6298	1194
6298	2299
6298	2881
6300	24
6300	555
6300	1754
6300	2328
6300	3352
6300	3415
6300	3847
6300	4422
6302	1169
6310	60
6315	2881
6322	2523
6323	161
6324	1105
6324	1169
6324	4422
6327	1169
6327	4422
6334	3534
6334	4422
6340	907
6340	3767
6346	782
6347	4422
6347	4553
6351	1194
6351	4422
6370	1169
6370	1309
6370	1323
6370	4422
6372	562
6376	60
6376	140
6376	2954
6376	3805
6376	4422
6376	4583
6378	24
6380	1892
6388	1034
6388	1285
6388	2094
6397	161
6397	4422
6409	2881
6416	1116
6416	3736
6418	2159
6421	326
6421	3534
6421	4422
6422	486
6422	1393
6422	3686
6427	2159
6427	2705
6427	3109
6430	1105
6430	2307
6430	4422
6434	24
6434	242
6434	2881
6434	3534
6436	4422
6437	3911
6443	161
6448	161
6448	1105
6448	2881
6451	4422
6453	1673
6453	2475
6453	3534
6458	24
6458	1542
6458	2763
6460	940
6460	2064
6460	2618
6460	2881
6460	3472
6460	3534
6460	3638
6460	3700
6460	3901
6460	4135
6462	326
6462	1309
6462	1754
6462	2720
6462	2763
6462	3534
6464	326
6464	1105
6464	2881
6464	3216
6464	3534
6464	4422
6469	3635
6471	4237
6473	542
6473	1393
6474	1401
6475	4238
6475	4422
6480	2881
6484	4466
6494	24
6494	1118
6494	2949
6494	4422
6496	2159
6496	3534
6498	67
6501	1892
6501	2275
6502	1118
6502	4422
6505	782
6515	2159
6521	4422
6527	542
6534	782
6534	3300
6535	4422
6543	405
6543	1340
6543	2562
6543	4422
6551	3352
6555	2067
6558	67
6563	1781
6563	3680
6566	24
6566	161
6566	442
6566	2041
6566	3300
6567	4422
6568	1673
6575	24
6575	1192
6575	3022
6575	3716
6576	3534
6576	4422
6581	524
6581	2225
6581	2478
6586	3216
6589	24
6589	2105
6589	3621
6589	3684
6589	4422
6590	1199
6590	1674
6591	24
6593	1118
6593	3300
6605	4422
6613	4422
6620	39
6620	1969
6625	4422
6627	2265
6633	1105
6633	3534
6633	4422
6642	2239
6642	3020
6642	4422
6643	24
6654	161
6654	242
6654	1186
6654	3534
6656	326
6656	924
6656	1105
6656	1118
6656	1969
6656	2299
6656	2618
6656	2881
6656	3534
6656	3638
6656	4422
6666	55
6671	1199
6671	2203
6672	4422
6675	3534
6678	4422
6679	326
6686	4553
6694	1118
6698	2881
6707	3638
6707	4182
6707	4612
6712	106
6714	148
6714	2448
6714	2763
6715	442
6715	1118
6715	2349
6720	2159
6720	2763
6722	2041
6722	2275
6728	1285
6732	1116
6732	2105
6744	143
6755	3603
6762	2105
6762	4422
6765	2598
6768	1118
6770	4422
6779	1736
6781	67
6781	2786
6784	1309
6784	1401
6788	4422
6794	24
6794	242
6794	562
6794	701
6794	782
6794	1199
6794	1393
6794	1567
6794	1581
6794	1754
6794	2159
6794	2313
6794	3300
6794	4553
6798	722
6798	1105
6798	2299
6798	2600
6798	3534
6798	4422
6804	1169
6804	1192
6804	2707
6804	3173
6804	3765
6804	4237
6809	2275
6814	1116
6815	2460
6815	2518
6819	1401
6823	24
6823	2265
6824	3440
6824	4422
6825	161
6825	562
6825	1892
6825	2041
6825	4238
6825	4422
6832	24
6832	940
6832	1105
6832	2618
6832	2881
6832	3534
6832	3638
6832	4220
6836	4422
6845	1194
6845	2034
6845	2159
6845	2299
6845	2705
6846	1780
6846	4422
6848	542
6848	782
6848	2460
6848	3072
6848	4020
6848	4253
6854	3012
6862	2763
6862	3992
6862	4059
6864	255
6864	1780
6864	2105
6864	2518
6864	2598
6864	4553
6869	1118
6880	24
6881	2248
6881	4422
6883	24
6883	2763
6883	4422
6889	24
6889	326
6889	1105
6889	3534
6889	4182
6898	1470
6898	1528
6898	2763
6898	2954
6898	3440
6906	874
6909	24
6909	1309
6909	3109
6909	3300
6909	3603
6909	3686
6910	2105
6915	2159
6916	3992
6920	405
6920	782
6920	1199
6920	4553
6922	60
6922	874
6922	2307
6922	4422
6934	3216
6934	4422
6936	3534
6936	3799
6936	4267
6941	4422
6944	4422
6967	874
6967	3209
6972	782
6972	874
6972	1169
6972	3600
6972	4278
6972	4553
6980	4422
6982	2701
6982	3316
6982	4192
6982	4381
6982	4422
6984	2881
6989	949
6989	1116
6989	3657
6989	4026
6994	1118
6994	3019
6994	3909
6998	1194
7002	2705
7002	3142
7010	2299
7010	2763
7010	3109
7010	3534
7013	1148
7014	4186
7015	4422
7017	2094
7018	1105
7023	367
7023	3534
7025	405
7025	782
7025	874
7025	4553
7034	3361
7037	1118
7037	3534
7038	1503
7038	3352
7041	24
7041	3534
7041	4422
7043	1116
7043	2706
7055	67
7064	4553
7066	874
7068	542
7068	664
7068	1309
7068	1382
7068	2105
7068	2475
7068	2507
7068	3300
7068	4422
7078	3300
7084	24
7084	3534
7085	4062
7088	24
7088	1105
7088	2299
7088	2881
7088	3109
7088	3534
7088	3638
7088	4422
7092	1174
7092	1192
7092	1302
7092	1754
7092	1901
7092	2275
7092	3812
7099	967
7099	1118
7099	1608
7099	2094
7108	4422
7118	3534
7120	2881
7120	3638
7126	1765
7126	2476
7127	3534
7134	1186
7134	1838
7134	2159
7134	2955
7134	4422
7136	2313
7136	2476
7136	3767
7142	326
7142	1873
7142	1892
7142	2041
7142	2159
7142	2313
7142	2881
7142	3060
7142	4627
7146	2041
7147	2763
7148	4422
7149	1199
7149	4553
7151	161
7151	3534
7161	1780
7161	3200
7161	3564
7167	4422
7170	24
7170	1118
7170	2105
7170	2159
7170	2763
7170	3300
7170	3534
7170	4553
7172	106
7172	782
7172	874
7172	1542
7172	1780
7172	2598
7172	3433
7172	3631
7172	3635
7178	2763
7184	4422
7186	1105
7186	3534
7189	874
7189	4422
7192	4422
7194	2159
7195	1466
7195	2763
7199	24
7202	67
7203	24
7203	2067
7203	4588
7205	3534
7208	4422
7209	1528
7209	2026
7212	2299
7212	2881
7212	3534
7224	2763
7224	3365
7227	1285
7240	161
7240	1186
7240	1892
7240	1920
7240	2041
7240	3242
7240	4090
7241	4422
7243	24
7243	242
7243	1118
7243	2881
7243	3534
7243	4422
7248	24
7248	1285
7248	1765
7248	2763
7248	3762
7248	4422
7249	4422
7256	103
7256	1285
7256	1309
7256	2763
7256	3777
7256	3889
7256	4422
7260	1105
7260	3609
7261	1285
7263	24
7263	4220
7271	3534
7275	2476
7277	782
7277	3736
7277	4422
7277	4443
7281	2105
7285	24
7285	1118
7285	1466
7285	2275
7285	2299
7285	2705
7285	2763
7285	3534
7285	4422
7285	4553
7286	1542
7286	4553
7291	4379
7293	2763
7293	2790
7297	3352
7301	1105
7301	2275
7301	2881
7301	4135
7304	4422
7309	1118
7309	1892
7309	2313
7312	2706
7316	161
7317	1503
7317	1542
7318	2705
7318	3511
7319	242
7319	326
7319	1105
7319	1653
7319	2299
7319	3216
7319	3534
7319	4422
7326	4422
7335	782
7335	2122
7335	4017
7336	67
7336	2239
7336	3534
7336	4003
7336	4422
7340	2328
7340	4422
7345	1411
7346	3001
7353	4422
7354	161
7355	4422
7357	50
7357	983
7357	1199
7357	2094
7357	2159
7357	2281
7357	2307
7357	3133
7357	3142
7357	3684
7360	1118
7360	2159
7360	2248
7360	4422
7361	874
7361	4422
7363	1487
7367	782
7368	3173
7380	405
7380	782
7381	542
7381	1116
7381	1748
7381	2498
7381	3072
7381	3631
7383	242
7383	3534
7385	4422
7386	4422
7388	4422
7398	4422
7400	24
7400	3534
7403	242
7403	1285
7403	2299
7403	2705
7406	768
7406	4443
7406	4553
7412	2159
7413	1285
7413	2763
7413	4422
7415	67
7415	171
7415	450
7415	2915
7415	4422
7426	3534
7431	4238
7435	161
7436	4422
7438	3901
7438	4612
7442	1105
7442	1419
7442	2299
7442	2618
7442	2705
7442	2881
7442	3213
7442	3216
7442	3534
7442	3638
7443	983
7448	1447
7448	2881
7449	1116
7449	3072
7449	4432
7449	4553
7451	2041
7451	2705
7454	1169
7454	1194
7454	1285
7454	2763
7454	3911
7454	4422
7456	3534
7471	67
7471	491
7471	3001
7471	4407
7472	2159
7472	2299
7472	2881
7472	4422
7474	242
7474	2299
7474	2618
7474	3638
7477	4422
7479	4422
7479	4443
7490	442
7491	3433
7491	4432
7491	4553
7493	3534
7493	4422
7494	1105
7494	1969
7494	2067
7494	2395
7494	2618
7494	2881
7494	3534
7494	3901
7494	4135
7494	4369
7495	1169
7503	3300
7506	2763
7506	4422
7512	326
7512	1503
7520	242
7520	1969
7520	2881
7520	3534
7520	3638
7521	161
7521	626
7526	2105
7530	768
7530	782
7530	1542
7531	1653
7532	1466
7532	2705
7539	242
7539	2618
7539	3638
7547	24
7547	1105
7547	2299
7547	2881
7547	3534
7547	3638
7547	4027
7554	3638
7561	4422
7574	24
7574	3534
7578	542
7578	782
7578	1780
7582	2239
7586	242
7590	2041
7590	2094
7595	148
7595	4422
7597	2275
7599	1105
7599	2881
7599	3534
7599	3680
7599	3992
7607	326
7607	4422
7619	1116
7623	1755
7623	2460
7623	3242
7623	4422
7633	4422
7639	4182
7639	4422
7642	24
7642	3201
7642	4177
7642	4422
7644	2159
7644	3300
7644	3534
7650	3534
7650	4422
7651	1116
7651	1748
7651	1867
7652	691
7652	1598
7652	2448
7652	3765
7652	4422
7654	1754
7654	2763
7655	242
7656	542
7656	782
7670	1169
7685	2498
7685	3958
7691	67
7691	3534
7691	4148
7706	1285
7706	2954
7707	184
7707	1105
7707	1118
7707	3534
7712	4177
7712	4422
7719	2460
7719	4422
7722	3012
7722	3762
7732	4422
7734	4422
7735	1105
7735	1169
7735	2239
7735	2299
7735	2475
7735	4372
7737	24
7737	3534
7737	4422
7741	100
7741	874
7741	1199
7741	3889
7741	4059
7741	4422
7746	874
7746	2810
7756	1309
7756	1447
7756	2881
7756	3534
7756	3632
7758	1892
7758	3686
7768	4422
7769	24
7778	4422
7782	161
7785	3534
7785	4422
7786	2105
7786	3012
7786	3060
7786	4422
7815	1754
7815	2193
7818	4422
7819	4422
7820	4020
7820	4422
7822	242
7822	2299
7822	2881
7822	3216
7822	3534
7825	242
7834	4422
7843	4422
7844	2448
7844	4422
7845	24
7845	782
7845	1542
7845	3992
7851	2518
7851	2701
7851	2706
7851	4305
7854	3534
7856	4422
7857	3534
7858	24
7858	242
7858	1105
7858	2313
7858	2881
7858	3534
7859	4253
7865	4422
7867	4422
7870	1754
7870	3352
7870	3812
7871	24
7871	1105
7871	2307
7871	3534
7871	3889
7871	3901
7871	4135
7871	4422
7872	2954
7874	3072
7874	3736
7875	2239
7875	4422
7878	542
7878	1116
7879	242
7879	2159
7879	2299
7881	24
7881	4422
7884	24
7884	1080
7884	1285
7884	1892
7884	2275
7884	2299
7884	3300
7884	3872
7884	4237
7896	1105
7896	1118
7896	2275
7896	3534
7896	4116
7896	4422
7897	2763
7900	161
7900	3534
7900	4027
7904	67
7904	161
7904	1285
7904	2881
7904	3216
7904	3534
7904	3638
7907	2881
7918	4422
7923	1201
7925	161
7925	4369
7926	24
7926	4422
7928	67
7937	1309
7937	1892
7937	3300
7937	3361
7938	1419
7938	4422
7938	4576
7939	2518
7940	983
7952	874
7952	1116
7966	24
7966	1118
7966	3746
7973	24
7973	957
7973	1118
7973	2105
7973	2159
7973	2763
7973	3109
7973	3300
7973	3534
7973	3591
7975	1105
7978	4422
7979	1118
7979	2881
7985	1567
7985	3014
7988	3534
7989	4422
7992	3534
7996	4422
8000	2763
8000	4422
8002	1169
8002	2478
8002	4422
8006	2105
8009	4253
8009	4432
8011	2313
8021	50
8021	1118
8021	4422
8024	24
8024	161
8024	326
8024	2159
8024	2299
8027	2299
8032	1169
8032	4583
8035	2105
8035	4116
8036	24
8036	1105
8036	2299
8036	3534
